,R,G,B,i,j,cluster
0,0,0,0,0,0,2
1,0,0,0,0,1,2
2,0,0,0,0,2,2
3,0,0,0,0,3,2
4,0,0,0,0,4,2
5,0,0,0,0,5,2
6,0,0,0,0,6,2
7,0,0,0,0,7,2
8,0,0,0,0,8,2
9,0,0,0,0,9,2
10,0,0,0,0,10,2
11,0,0,0,0,11,2
12,0,0,0,0,12,2
13,0,0,0,0,13,2
14,0,0,0,0,14,2
15,0,0,0,0,15,2
16,0,0,0,0,16,2
17,0,0,0,0,17,2
18,0,0,0,0,18,2
19,0,0,0,0,19,2
20,0,0,0,0,20,2
21,0,0,0,0,21,2
22,0,0,0,0,22,2
23,0,0,0,0,23,2
24,0,0,0,0,24,2
25,0,0,0,0,25,2
26,0,0,0,0,26,2
27,0,0,0,0,27,2
28,0,0,0,0,28,2
29,0,0,0,0,29,2
30,0,0,0,0,30,2
31,0,0,0,0,31,2
32,0,0,0,0,32,2
33,0,0,0,0,33,2
34,0,0,0,0,34,2
35,0,0,0,0,35,2
36,0,0,0,0,36,2
37,0,0,0,0,37,2
38,0,0,0,0,38,2
39,0,0,0,0,39,2
40,0,0,0,0,40,2
41,0,0,0,0,41,2
42,0,0,0,0,42,2
43,0,0,0,0,43,2
44,0,0,0,0,44,2
45,0,0,0,0,45,2
46,0,0,0,0,46,2
47,0,0,0,0,47,2
48,0,0,0,0,48,2
49,0,0,0,0,49,2
50,0,0,0,0,50,2
51,0,0,0,0,51,2
52,0,0,0,0,52,2
53,0,0,0,0,53,2
54,0,0,0,0,54,2
55,0,0,0,0,55,2
56,0,0,0,0,56,2
57,0,0,0,0,57,2
58,0,0,0,0,58,2
59,0,0,0,0,59,2
60,0,0,0,0,60,2
61,0,0,0,0,61,2
62,0,0,0,0,62,2
63,0,0,0,0,63,2
64,0,0,0,0,64,2
65,0,0,0,0,65,2
66,0,0,0,0,66,2
67,0,0,0,0,67,2
68,0,0,0,0,68,2
69,0,0,0,0,69,2
70,0,0,0,0,70,2
71,0,0,0,0,71,2
72,0,0,0,0,72,2
73,0,0,0,0,73,2
74,0,0,0,0,74,2
75,0,0,0,0,75,2
76,0,0,0,0,76,2
77,0,0,0,0,77,2
78,0,0,0,0,78,2
79,0,0,0,0,79,2
80,0,0,0,0,80,2
81,0,0,0,0,81,2
82,0,0,0,0,82,2
83,0,0,0,0,83,2
84,0,0,0,0,84,2
85,0,0,0,0,85,2
86,0,0,0,0,86,2
87,0,0,0,0,87,2
88,0,0,0,0,88,2
89,0,0,0,0,89,2
90,0,0,0,0,90,2
91,0,0,0,0,91,2
92,0,0,0,0,92,2
93,0,0,0,0,93,2
94,0,0,0,0,94,2
95,0,0,0,0,95,2
96,0,0,0,0,96,2
97,0,0,0,0,97,2
98,0,0,0,0,98,2
99,0,0,0,0,99,2
100,0,0,0,1,0,2
101,0,0,0,1,1,2
102,0,0,0,1,2,2
103,0,0,0,1,3,2
104,0,0,0,1,4,2
105,0,0,0,1,5,2
106,0,0,0,1,6,2
107,0,0,0,1,7,2
108,0,0,0,1,8,2
109,0,0,0,1,9,2
110,0,0,0,1,10,2
111,0,0,0,1,11,2
112,0,0,0,1,12,2
113,0,0,0,1,13,2
114,0,0,0,1,14,2
115,0,0,0,1,15,2
116,0,0,0,1,16,2
117,0,0,0,1,17,2
118,0,0,0,1,18,2
119,0,0,0,1,19,2
120,0,0,0,1,20,2
121,0,0,0,1,21,2
122,0,0,0,1,22,2
123,0,0,0,1,23,2
124,0,0,0,1,24,2
125,0,0,0,1,25,2
126,0,0,0,1,26,2
127,0,0,0,1,27,2
128,0,0,0,1,28,2
129,0,0,0,1,29,2
130,0,0,0,1,30,2
131,0,0,0,1,31,2
132,0,0,0,1,32,2
133,0,0,0,1,33,2
134,0,0,0,1,34,2
135,0,0,0,1,35,2
136,0,0,0,1,36,2
137,0,0,0,1,37,2
138,0,0,0,1,38,2
139,0,0,0,1,39,2
140,0,0,0,1,40,2
141,0,0,0,1,41,2
142,0,0,0,1,42,2
143,0,0,0,1,43,2
144,0,0,0,1,44,2
145,0,0,0,1,45,2
146,0,0,0,1,46,2
147,0,0,0,1,47,2
148,0,0,0,1,48,2
149,0,0,0,1,49,2
150,0,0,0,1,50,2
151,0,0,0,1,51,2
152,0,0,0,1,52,2
153,0,0,0,1,53,2
154,0,0,0,1,54,2
155,0,0,0,1,55,2
156,0,0,0,1,56,2
157,0,0,0,1,57,2
158,0,0,0,1,58,2
159,0,0,0,1,59,2
160,0,0,0,1,60,2
161,0,0,0,1,61,2
162,0,0,0,1,62,2
163,0,0,0,1,63,2
164,0,0,0,1,64,2
165,0,0,0,1,65,2
166,0,0,0,1,66,2
167,0,0,0,1,67,2
168,0,0,0,1,68,2
169,0,0,0,1,69,2
170,0,0,0,1,70,2
171,0,0,0,1,71,2
172,0,0,0,1,72,2
173,0,0,0,1,73,2
174,0,0,0,1,74,2
175,0,0,0,1,75,2
176,0,0,0,1,76,2
177,0,0,0,1,77,2
178,0,0,0,1,78,2
179,0,0,0,1,79,2
180,0,0,0,1,80,2
181,0,0,0,1,81,2
182,0,0,0,1,82,2
183,0,0,0,1,83,2
184,0,0,0,1,84,2
185,0,0,0,1,85,2
186,0,0,0,1,86,2
187,0,0,0,1,87,2
188,0,0,0,1,88,2
189,0,0,0,1,89,2
190,0,0,0,1,90,2
191,0,0,0,1,91,2
192,0,0,0,1,92,2
193,0,0,0,1,93,2
194,0,0,0,1,94,2
195,0,0,0,1,95,2
196,0,0,0,1,96,2
197,0,0,0,1,97,2
198,0,0,0,1,98,2
199,0,0,0,1,99,2
200,0,0,0,2,0,2
201,0,0,0,2,1,2
202,0,0,0,2,2,2
203,0,0,0,2,3,2
204,0,0,0,2,4,2
205,0,0,0,2,5,2
206,0,0,0,2,6,2
207,0,0,0,2,7,2
208,0,0,0,2,8,2
209,0,0,0,2,9,2
210,0,0,0,2,10,2
211,0,0,0,2,11,2
212,0,0,0,2,12,2
213,0,0,0,2,13,2
214,0,0,0,2,14,2
215,0,0,0,2,15,2
216,0,0,0,2,16,2
217,0,0,0,2,17,2
218,0,0,0,2,18,2
219,0,0,0,2,19,2
220,0,0,0,2,20,2
221,0,0,0,2,21,2
222,0,0,0,2,22,2
223,0,0,0,2,23,2
224,0,0,0,2,24,2
225,0,0,0,2,25,2
226,0,0,0,2,26,2
227,0,0,0,2,27,2
228,0,0,0,2,28,2
229,0,0,0,2,29,2
230,0,0,0,2,30,2
231,0,0,0,2,31,2
232,0,0,0,2,32,2
233,0,0,0,2,33,2
234,0,0,0,2,34,2
235,0,0,0,2,35,2
236,0,0,0,2,36,2
237,0,0,0,2,37,2
238,0,0,0,2,38,2
239,0,0,0,2,39,2
240,0,0,0,2,40,2
241,0,0,0,2,41,2
242,0,0,0,2,42,2
243,0,0,0,2,43,2
244,0,0,0,2,44,2
245,0,0,0,2,45,2
246,0,0,0,2,46,2
247,0,0,0,2,47,2
248,0,0,0,2,48,2
249,0,0,0,2,49,2
250,0,0,0,2,50,2
251,0,0,0,2,51,2
252,0,0,0,2,52,2
253,0,0,0,2,53,2
254,0,0,0,2,54,2
255,0,0,0,2,55,2
256,0,0,0,2,56,2
257,0,0,0,2,57,2
258,0,0,0,2,58,2
259,0,0,0,2,59,2
260,0,0,0,2,60,2
261,0,0,0,2,61,2
262,0,0,0,2,62,2
263,0,0,0,2,63,2
264,0,0,0,2,64,2
265,0,0,0,2,65,2
266,0,0,0,2,66,2
267,0,0,0,2,67,2
268,0,0,0,2,68,2
269,0,0,0,2,69,2
270,0,0,0,2,70,2
271,0,0,0,2,71,2
272,0,0,0,2,72,2
273,0,0,0,2,73,2
274,0,0,0,2,74,2
275,0,0,0,2,75,2
276,0,0,0,2,76,2
277,0,0,0,2,77,2
278,0,0,0,2,78,2
279,0,0,0,2,79,2
280,0,0,0,2,80,2
281,0,0,0,2,81,2
282,0,0,0,2,82,2
283,0,0,0,2,83,2
284,0,0,0,2,84,2
285,0,0,0,2,85,2
286,0,0,0,2,86,2
287,0,0,0,2,87,2
288,0,0,0,2,88,2
289,0,0,0,2,89,2
290,0,0,0,2,90,2
291,0,0,0,2,91,2
292,0,0,0,2,92,2
293,0,0,0,2,93,2
294,0,0,0,2,94,2
295,0,0,0,2,95,2
296,0,0,0,2,96,2
297,0,0,0,2,97,2
298,0,0,0,2,98,2
299,0,0,0,2,99,2
300,0,0,0,3,0,2
301,0,0,0,3,1,2
302,0,0,0,3,2,2
303,0,0,0,3,3,2
304,0,0,0,3,4,2
305,0,0,0,3,5,2
306,0,0,0,3,6,2
307,0,0,0,3,7,2
308,0,0,0,3,8,2
309,0,0,0,3,9,2
310,0,0,0,3,10,2
311,0,0,0,3,11,2
312,0,0,0,3,12,2
313,0,0,0,3,13,2
314,0,0,0,3,14,2
315,0,0,0,3,15,2
316,0,0,0,3,16,2
317,0,0,0,3,17,2
318,0,0,0,3,18,2
319,0,0,0,3,19,2
320,0,0,0,3,20,2
321,0,0,0,3,21,2
322,0,0,0,3,22,2
323,0,0,0,3,23,2
324,0,0,0,3,24,2
325,0,0,0,3,25,2
326,0,0,0,3,26,2
327,0,0,0,3,27,2
328,0,0,0,3,28,2
329,0,0,0,3,29,2
330,0,0,0,3,30,2
331,0,0,0,3,31,2
332,0,0,0,3,32,2
333,0,0,0,3,33,2
334,0,0,0,3,34,2
335,0,0,0,3,35,2
336,1,1,1,3,36,2
337,1,1,1,3,37,2
338,1,1,1,3,38,2
339,0,0,0,3,39,2
340,0,0,0,3,40,2
341,0,0,0,3,41,2
342,1,1,1,3,42,2
343,1,1,1,3,43,2
344,1,1,1,3,44,2
345,0,0,0,3,45,2
346,0,0,0,3,46,2
347,1,1,1,3,47,2
348,0,0,0,3,48,2
349,0,0,0,3,49,2
350,0,0,0,3,50,2
351,0,0,0,3,51,2
352,0,0,0,3,52,2
353,1,1,1,3,53,2
354,1,1,1,3,54,2
355,0,0,0,3,55,2
356,1,1,1,3,56,2
357,1,1,1,3,57,2
358,1,1,1,3,58,2
359,1,1,1,3,59,2
360,1,1,1,3,60,2
361,0,0,0,3,61,2
362,0,0,0,3,62,2
363,0,0,0,3,63,2
364,0,0,0,3,64,2
365,0,0,0,3,65,2
366,0,0,0,3,66,2
367,0,0,0,3,67,2
368,0,0,0,3,68,2
369,0,0,0,3,69,2
370,0,0,0,3,70,2
371,0,0,0,3,71,2
372,0,0,0,3,72,2
373,0,0,0,3,73,2
374,0,0,0,3,74,2
375,0,0,0,3,75,2
376,0,0,0,3,76,2
377,0,0,0,3,77,2
378,0,0,0,3,78,2
379,0,0,0,3,79,2
380,0,0,0,3,80,2
381,0,0,0,3,81,2
382,0,0,0,3,82,2
383,0,0,0,3,83,2
384,0,0,0,3,84,2
385,0,0,0,3,85,2
386,0,0,0,3,86,2
387,0,0,0,3,87,2
388,0,0,0,3,88,2
389,0,0,0,3,89,2
390,0,0,0,3,90,2
391,0,0,0,3,91,2
392,0,0,0,3,92,2
393,0,0,0,3,93,2
394,0,0,0,3,94,2
395,0,0,0,3,95,2
396,0,0,0,3,96,2
397,0,0,0,3,97,2
398,0,0,0,3,98,2
399,0,0,0,3,99,2
400,0,0,0,4,0,2
401,0,0,0,4,1,2
402,0,0,0,4,2,2
403,0,0,0,4,3,2
404,0,0,0,4,4,2
405,0,0,0,4,5,2
406,0,0,0,4,6,2
407,0,0,0,4,7,2
408,0,0,0,4,8,2
409,0,0,0,4,9,2
410,0,0,0,4,10,2
411,0,0,0,4,11,2
412,0,0,0,4,12,2
413,0,0,0,4,13,2
414,0,0,0,4,14,2
415,0,0,0,4,15,2
416,0,0,0,4,16,2
417,0,0,0,4,17,2
418,0,0,0,4,18,2
419,1,1,1,4,19,2
420,1,1,1,4,20,2
421,1,1,1,4,21,2
422,0,0,0,4,22,2
423,1,1,1,4,23,2
424,1,1,1,4,24,2
425,1,1,1,4,25,2
426,1,1,1,4,26,2
427,2,2,2,4,27,2
428,2,2,2,4,28,2
429,2,2,2,4,29,2
430,2,2,2,4,30,2
431,3,3,3,4,31,2
432,3,3,3,4,32,2
433,3,3,3,4,33,2
434,3,3,3,4,34,2
435,3,3,3,4,35,2
436,4,4,4,4,36,2
437,4,4,4,4,37,2
438,4,4,4,4,38,2
439,4,4,4,4,39,2
440,4,4,4,4,40,2
441,4,4,4,4,41,2
442,4,4,4,4,42,2
443,4,4,4,4,43,2
444,3,3,3,4,44,2
445,5,5,5,4,45,2
446,5,5,5,4,46,2
447,5,5,5,4,47,2
448,5,5,5,4,48,2
449,5,5,5,4,49,2
450,5,5,5,4,50,2
451,5,5,5,4,51,2
452,5,5,5,4,52,2
453,4,4,4,4,53,2
454,5,5,5,4,54,2
455,5,5,5,4,55,2
456,5,5,5,4,56,2
457,4,4,4,4,57,2
458,4,4,4,4,58,2
459,5,5,5,4,59,2
460,4,4,4,4,60,2
461,3,3,3,4,61,2
462,3,3,3,4,62,2
463,3,3,3,4,63,2
464,3,3,3,4,64,2
465,3,3,3,4,65,2
466,3,3,3,4,66,2
467,3,3,3,4,67,2
468,3,3,3,4,68,2
469,3,3,3,4,69,2
470,2,2,2,4,70,2
471,2,2,2,4,71,2
472,2,2,2,4,72,2
473,2,2,2,4,73,2
474,2,2,2,4,74,2
475,2,2,2,4,75,2
476,2,2,2,4,76,2
477,1,1,1,4,77,2
478,0,0,0,4,78,2
479,0,0,0,4,79,2
480,0,0,0,4,80,2
481,1,1,1,4,81,2
482,0,0,0,4,82,2
483,0,0,0,4,83,2
484,0,0,0,4,84,2
485,0,0,0,4,85,2
486,0,0,0,4,86,2
487,0,0,0,4,87,2
488,0,0,0,4,88,2
489,0,0,0,4,89,2
490,0,0,0,4,90,2
491,0,0,0,4,91,2
492,0,0,0,4,92,2
493,0,0,0,4,93,2
494,0,0,0,4,94,2
495,0,0,0,4,95,2
496,0,0,0,4,96,2
497,0,0,0,4,97,2
498,0,0,0,4,98,2
499,0,0,0,4,99,2
500,0,0,0,5,0,2
501,0,0,0,5,1,2
502,0,0,0,5,2,2
503,0,0,0,5,3,2
504,0,0,0,5,4,2
505,0,0,0,5,5,2
506,0,0,0,5,6,2
507,0,0,0,5,7,2
508,0,0,0,5,8,2
509,0,0,0,5,9,2
510,0,0,0,5,10,2
511,0,0,0,5,11,2
512,0,0,0,5,12,2
513,0,0,0,5,13,2
514,2,2,2,5,14,2
515,3,3,3,5,15,2
516,3,3,3,5,16,2
517,3,3,3,5,17,2
518,3,3,3,5,18,2
519,4,4,4,5,19,2
520,4,4,4,5,20,2
521,4,4,4,5,21,2
522,5,5,5,5,22,2
523,5,5,5,5,23,2
524,5,5,5,5,24,2
525,5,5,5,5,25,2
526,5,5,5,5,26,2
527,5,5,5,5,27,2
528,6,6,6,5,28,2
529,4,4,4,5,29,2
530,5,5,5,5,30,2
531,7,7,7,5,31,2
532,6,6,6,5,32,2
533,7,7,7,5,33,2
534,6,6,6,5,34,2
535,7,7,7,5,35,2
536,7,7,7,5,36,2
537,7,7,7,5,37,2
538,6,6,6,5,38,2
539,7,7,7,5,39,2
540,8,8,8,5,40,2
541,9,9,9,5,41,2
542,7,7,7,5,42,2
543,7,7,7,5,43,2
544,9,9,9,5,44,2
545,6,6,6,5,45,2
546,6,6,6,5,46,2
547,8,8,8,5,47,2
548,8,8,8,5,48,2
549,8,8,8,5,49,2
550,7,7,7,5,50,2
551,7,7,7,5,51,2
552,7,7,7,5,52,2
553,7,7,7,5,53,2
554,8,8,8,5,54,2
555,9,9,9,5,55,2
556,8,8,8,5,56,2
557,8,8,8,5,57,2
558,8,8,8,5,58,2
559,7,7,7,5,59,2
560,7,7,7,5,60,2
561,6,6,6,5,61,2
562,7,7,7,5,62,2
563,7,7,7,5,63,2
564,7,7,7,5,64,2
565,6,6,6,5,65,2
566,6,6,6,5,66,2
567,6,6,6,5,67,2
568,6,6,6,5,68,2
569,6,6,6,5,69,2
570,6,6,6,5,70,2
571,6,6,6,5,71,2
572,6,6,6,5,72,2
573,4,4,4,5,73,2
574,4,4,4,5,74,2
575,5,5,5,5,75,2
576,5,5,5,5,76,2
577,4,4,4,5,77,2
578,5,5,5,5,78,2
579,5,5,5,5,79,2
580,5,5,5,5,80,2
581,4,4,4,5,81,2
582,4,4,4,5,82,2
583,3,3,3,5,83,2
584,4,4,4,5,84,2
585,3,3,3,5,85,2
586,1,1,1,5,86,2
587,0,0,0,5,87,2
588,0,0,0,5,88,2
589,0,0,0,5,89,2
590,0,0,0,5,90,2
591,0,0,0,5,91,2
592,0,0,0,5,92,2
593,0,0,0,5,93,2
594,0,0,0,5,94,2
595,0,0,0,5,95,2
596,0,0,0,5,96,2
597,0,0,0,5,97,2
598,0,0,0,5,98,2
599,0,0,0,5,99,2
600,0,0,0,6,0,2
601,0,0,0,6,1,2
602,0,0,0,6,2,2
603,0,0,0,6,3,2
604,0,0,0,6,4,2
605,0,0,0,6,5,2
606,0,0,0,6,6,2
607,0,0,0,6,7,2
608,0,0,0,6,8,2
609,0,0,0,6,9,2
610,0,0,0,6,10,2
611,0,0,0,6,11,2
612,0,0,0,6,12,2
613,0,0,0,6,13,2
614,4,4,4,6,14,2
615,6,6,6,6,15,2
616,6,6,6,6,16,2
617,6,6,6,6,17,2
618,6,6,6,6,18,2
619,6,6,6,6,19,2
620,6,6,6,6,20,2
621,6,6,6,6,21,2
622,6,6,6,6,22,2
623,6,6,6,6,23,2
624,6,6,6,6,24,2
625,6,6,6,6,25,2
626,6,6,6,6,26,2
627,6,6,6,6,27,2
628,6,6,6,6,28,2
629,6,6,6,6,29,2
630,6,6,6,6,30,2
631,7,7,7,6,31,2
632,7,7,7,6,32,2
633,6,6,6,6,33,2
634,6,6,6,6,34,2
635,7,7,7,6,35,2
636,7,7,7,6,36,2
637,7,7,7,6,37,2
638,7,7,7,6,38,2
639,8,8,8,6,39,2
640,8,8,8,6,40,2
641,9,9,9,6,41,2
642,20,20,20,6,42,1
643,58,58,58,6,43,3
644,77,77,77,6,44,3
645,66,66,66,6,45,3
646,30,30,30,6,46,4
647,9,9,9,6,47,2
648,8,8,8,6,48,2
649,9,9,9,6,49,2
650,8,8,8,6,50,2
651,7,7,7,6,51,2
652,7,7,7,6,52,2
653,8,8,8,6,53,2
654,7,7,7,6,54,2
655,8,8,8,6,55,2
656,6,6,6,6,56,2
657,6,6,6,6,57,2
658,6,6,6,6,58,2
659,7,7,7,6,59,2
660,6,6,6,6,60,2
661,6,6,6,6,61,2
662,6,6,6,6,62,2
663,7,7,7,6,63,2
664,7,7,7,6,64,2
665,6,6,6,6,65,2
666,7,7,7,6,66,2
667,7,7,7,6,67,2
668,7,7,7,6,68,2
669,7,7,7,6,69,2
670,5,5,5,6,70,2
671,6,6,6,6,71,2
672,6,6,6,6,72,2
673,5,5,5,6,73,2
674,5,5,5,6,74,2
675,6,6,6,6,75,2
676,5,5,5,6,76,2
677,5,5,5,6,77,2
678,6,6,6,6,78,2
679,6,6,6,6,79,2
680,6,6,6,6,80,2
681,7,7,7,6,81,2
682,6,6,6,6,82,2
683,6,6,6,6,83,2
684,6,6,6,6,84,2
685,6,6,6,6,85,2
686,2,2,2,6,86,2
687,0,0,0,6,87,2
688,0,0,0,6,88,2
689,0,0,0,6,89,2
690,0,0,0,6,90,2
691,0,0,0,6,91,2
692,0,0,0,6,92,2
693,0,0,0,6,93,2
694,0,0,0,6,94,2
695,0,0,0,6,95,2
696,0,0,0,6,96,2
697,0,0,0,6,97,2
698,0,0,0,6,98,2
699,0,0,0,6,99,2
700,0,0,0,7,0,2
701,0,0,0,7,1,2
702,0,0,0,7,2,2
703,0,0,0,7,3,2
704,0,0,0,7,4,2
705,0,0,0,7,5,2
706,0,0,0,7,6,2
707,0,0,0,7,7,2
708,0,0,0,7,8,2
709,0,0,0,7,9,2
710,0,0,0,7,10,2
711,0,0,0,7,11,2
712,0,0,0,7,12,2
713,0,0,0,7,13,2
714,4,4,4,7,14,2
715,6,6,6,7,15,2
716,5,5,5,7,16,2
717,6,6,6,7,17,2
718,6,6,6,7,18,2
719,6,6,6,7,19,2
720,6,6,6,7,20,2
721,6,6,6,7,21,2
722,6,6,6,7,22,2
723,6,6,6,7,23,2
724,6,6,6,7,24,2
725,6,6,6,7,25,2
726,6,6,6,7,26,2
727,6,6,6,7,27,2
728,6,6,6,7,28,2
729,7,7,7,7,29,2
730,6,6,6,7,30,2
731,7,7,7,7,31,2
732,7,7,7,7,32,2
733,7,7,7,7,33,2
734,7,7,7,7,34,2
735,7,7,7,7,35,2
736,7,7,7,7,36,2
737,7,7,7,7,37,2
738,7,7,7,7,38,2
739,8,8,8,7,39,2
740,7,7,7,7,40,2
741,21,21,21,7,41,1
742,86,86,86,7,42,5
743,117,117,117,7,43,1
744,111,111,111,7,44,1
745,111,111,111,7,45,1
746,101,101,101,7,46,1
747,37,37,37,7,47,6
748,7,7,7,7,48,2
749,9,9,9,7,49,2
750,9,9,9,7,50,2
751,9,9,9,7,51,2
752,9,9,9,7,52,2
753,7,7,7,7,53,2
754,5,5,5,7,54,2
755,12,12,12,7,55,8
756,25,25,25,7,56,1
757,33,33,33,7,57,1
758,39,39,39,7,58,7
759,40,40,40,7,59,7
760,36,36,36,7,60,6
761,27,27,27,7,61,1
762,19,19,19,7,62,1
763,10,10,10,7,63,2
764,6,6,6,7,64,2
765,6,6,6,7,65,2
766,7,7,7,7,66,2
767,7,7,7,7,67,2
768,7,7,7,7,68,2
769,6,6,6,7,69,2
770,7,7,7,7,70,2
771,6,6,6,7,71,2
772,6,6,6,7,72,2
773,5,5,5,7,73,2
774,5,5,5,7,74,2
775,6,6,6,7,75,2
776,6,6,6,7,76,2
777,5,5,5,7,77,2
778,6,6,6,7,78,2
779,6,6,6,7,79,2
780,6,6,6,7,80,2
781,6,6,6,7,81,2
782,5,5,5,7,82,2
783,6,6,6,7,83,2
784,6,6,6,7,84,2
785,6,6,6,7,85,2
786,2,2,2,7,86,2
787,0,0,0,7,87,2
788,0,0,0,7,88,2
789,0,0,0,7,89,2
790,0,0,0,7,90,2
791,0,0,0,7,91,2
792,0,0,0,7,92,2
793,0,0,0,7,93,2
794,0,0,0,7,94,2
795,0,0,0,7,95,2
796,0,0,0,7,96,2
797,0,0,0,7,97,2
798,0,0,0,7,98,2
799,0,0,0,7,99,2
800,0,0,0,8,0,2
801,0,0,0,8,1,2
802,0,0,0,8,2,2
803,0,0,0,8,3,2
804,0,0,0,8,4,2
805,0,0,0,8,5,2
806,0,0,0,8,6,2
807,0,0,0,8,7,2
808,0,0,0,8,8,2
809,0,0,0,8,9,2
810,0,0,0,8,10,2
811,0,0,0,8,11,2
812,0,0,0,8,12,2
813,0,0,0,8,13,2
814,5,5,5,8,14,2
815,6,6,6,8,15,2
816,6,6,6,8,16,2
817,6,6,6,8,17,2
818,6,6,6,8,18,2
819,7,7,7,8,19,2
820,7,7,7,8,20,2
821,7,7,7,8,21,2
822,6,6,6,8,22,2
823,6,6,6,8,23,2
824,6,6,6,8,24,2
825,6,6,6,8,25,2
826,6,6,6,8,26,2
827,7,7,7,8,27,2
828,7,7,7,8,28,2
829,7,7,7,8,29,2
830,6,6,6,8,30,2
831,7,7,7,8,31,2
832,7,7,7,8,32,2
833,7,7,7,8,33,2
834,7,7,7,8,34,2
835,8,8,8,8,35,2
836,8,8,8,8,36,2
837,8,8,8,8,37,2
838,7,7,7,8,38,2
839,7,7,7,8,39,2
840,7,7,7,8,40,2
841,67,67,67,8,41,3
842,117,117,117,8,42,1
843,96,96,96,8,43,1
844,60,60,60,8,44,3
845,65,65,65,8,45,3
846,104,104,104,8,46,1
847,92,92,92,8,47,1
848,42,42,42,8,48,11
849,12,12,12,8,49,8
850,7,7,7,8,50,2
851,5,5,5,8,51,2
852,7,7,7,8,52,2
853,20,20,20,8,53,1
854,52,52,52,8,54,3
855,77,77,77,8,55,3
856,79,79,79,8,56,3
857,80,80,80,8,57,3
858,83,83,83,8,58,1
859,80,80,80,8,59,3
860,76,76,76,8,60,3
861,69,69,69,8,61,3
862,61,61,61,8,62,3
863,50,50,50,8,63,3
864,32,32,32,8,64,1
865,13,13,13,8,65,8
866,6,6,6,8,66,2
867,7,7,7,8,67,2
868,7,7,7,8,68,2
869,7,7,7,8,69,2
870,6,6,6,8,70,2
871,7,7,7,8,71,2
872,6,6,6,8,72,2
873,6,6,6,8,73,2
874,7,7,7,8,74,2
875,7,7,7,8,75,2
876,6,6,6,8,76,2
877,6,6,6,8,77,2
878,5,5,5,8,78,2
879,6,6,6,8,79,2
880,7,7,7,8,80,2
881,6,6,6,8,81,2
882,6,6,6,8,82,2
883,6,6,6,8,83,2
884,6,6,6,8,84,2
885,6,6,6,8,85,2
886,3,3,3,8,86,2
887,0,0,0,8,87,2
888,0,0,0,8,88,2
889,0,0,0,8,89,2
890,0,0,0,8,90,2
891,0,0,0,8,91,2
892,0,0,0,8,92,2
893,0,0,0,8,93,2
894,0,0,0,8,94,2
895,0,0,0,8,95,2
896,0,0,0,8,96,2
897,0,0,0,8,97,2
898,0,0,0,8,98,2
899,0,0,0,8,99,2
900,0,0,0,9,0,2
901,0,0,0,9,1,2
902,0,0,0,9,2,2
903,0,0,0,9,3,2
904,0,0,0,9,4,2
905,0,0,0,9,5,2
906,0,0,0,9,6,2
907,0,0,0,9,7,2
908,0,0,0,9,8,2
909,0,0,0,9,9,2
910,0,0,0,9,10,2
911,0,0,0,9,11,2
912,0,0,0,9,12,2
913,1,1,1,9,13,2
914,5,5,5,9,14,2
915,6,6,6,9,15,2
916,7,7,7,9,16,2
917,7,7,7,9,17,2
918,7,7,7,9,18,2
919,6,6,6,9,19,2
920,6,6,6,9,20,2
921,6,6,6,9,21,2
922,6,6,6,9,22,2
923,7,7,7,9,23,2
924,7,7,7,9,24,2
925,6,6,6,9,25,2
926,5,5,5,9,26,2
927,7,7,7,9,27,2
928,6,6,6,9,28,2
929,7,7,7,9,29,2
930,6,6,6,9,30,2
931,7,7,7,9,31,2
932,7,7,7,9,32,2
933,6,6,6,9,33,2
934,7,7,7,9,34,2
935,7,7,7,9,35,2
936,7,7,7,9,36,2
937,8,8,8,9,37,2
938,6,6,6,9,38,2
939,11,11,11,9,39,2
940,56,56,56,9,40,3
941,94,94,94,9,41,1
942,106,106,106,9,42,1
943,70,70,70,9,43,3
944,21,21,21,9,44,1
945,52,52,52,9,45,3
946,88,88,88,9,46,1
947,101,101,101,9,47,1
948,100,100,100,9,48,1
949,67,67,67,9,49,3
950,23,23,23,9,50,1
951,36,36,36,9,51,6
952,63,63,63,9,52,3
953,89,89,89,9,53,1
954,93,93,93,9,54,1
955,88,88,88,9,55,1
956,80,80,80,9,56,3
957,76,76,76,9,57,3
958,78,78,78,9,58,3
959,85,85,85,9,59,5
960,87,87,87,9,60,5
961,78,78,78,9,61,3
962,70,70,70,9,62,3
963,70,70,70,9,63,3
964,67,67,67,9,64,3
965,60,60,60,9,65,3
966,27,27,27,9,66,1
967,5,5,5,9,67,2
968,6,6,6,9,68,2
969,6,6,6,9,69,2
970,7,7,7,9,70,2
971,8,8,8,9,71,2
972,6,6,6,9,72,2
973,6,6,6,9,73,2
974,6,6,6,9,74,2
975,6,6,6,9,75,2
976,6,6,6,9,76,2
977,6,6,6,9,77,2
978,5,5,5,9,78,2
979,5,5,5,9,79,2
980,7,7,7,9,80,2
981,6,6,6,9,81,2
982,7,7,7,9,82,2
983,7,7,7,9,83,2
984,6,6,6,9,84,2
985,6,6,6,9,85,2
986,3,3,3,9,86,2
987,0,0,0,9,87,2
988,0,0,0,9,88,2
989,0,0,0,9,89,2
990,0,0,0,9,90,2
991,0,0,0,9,91,2
992,0,0,0,9,92,2
993,0,0,0,9,93,2
994,0,0,0,9,94,2
995,0,0,0,9,95,2
996,0,0,0,9,96,2
997,0,0,0,9,97,2
998,0,0,0,9,98,2
999,0,0,0,9,99,2
1000,0,0,0,10,0,2
1001,0,0,0,10,1,2
1002,0,0,0,10,2,2
1003,0,0,0,10,3,2
1004,0,0,0,10,4,2
1005,0,0,0,10,5,2
1006,0,0,0,10,6,2
1007,0,0,0,10,7,2
1008,0,0,0,10,8,2
1009,0,0,0,10,9,2
1010,0,0,0,10,10,2
1011,0,0,0,10,11,2
1012,0,0,0,10,12,2
1013,1,1,1,10,13,2
1014,5,5,5,10,14,2
1015,7,7,7,10,15,2
1016,6,6,6,10,16,2
1017,5,5,5,10,17,2
1018,6,6,6,10,18,2
1019,7,7,7,10,19,2
1020,6,6,6,10,20,2
1021,7,7,7,10,21,2
1022,7,7,7,10,22,2
1023,6,6,6,10,23,2
1024,6,6,6,10,24,2
1025,6,6,6,10,25,2
1026,7,7,7,10,26,2
1027,6,6,6,10,27,2
1028,5,5,5,10,28,2
1029,4,4,4,10,29,2
1030,7,7,7,10,30,2
1031,8,8,8,10,31,2
1032,11,11,11,10,32,2
1033,13,13,13,10,33,8
1034,15,15,15,10,34,10
1035,10,10,10,10,35,2
1036,7,7,7,10,36,2
1037,6,6,6,10,37,2
1038,14,14,14,10,38,8
1039,55,55,55,10,39,3
1040,71,71,71,10,40,3
1041,81,81,81,10,41,3
1042,105,105,105,10,42,1
1043,72,72,72,10,43,3
1044,32,32,32,10,44,1
1045,47,47,47,10,45,9
1046,82,82,82,10,46,3
1047,110,110,110,10,47,1
1048,84,84,84,10,48,5
1049,99,99,99,10,49,1
1050,82,82,82,10,50,3
1051,98,98,98,10,51,1
1052,87,87,87,10,52,5
1053,86,86,86,10,53,5
1054,84,84,84,10,54,5
1055,72,72,72,10,55,3
1056,60,60,60,10,56,3
1057,40,40,40,10,57,7
1058,35,35,35,10,58,6
1059,49,49,49,10,59,1
1060,67,67,67,10,60,3
1061,79,79,79,10,61,3
1062,74,74,74,10,62,3
1063,77,77,77,10,63,3
1064,75,75,75,10,64,3
1065,72,72,72,10,65,3
1066,69,69,69,10,66,3
1067,39,39,39,10,67,7
1068,9,9,9,10,68,2
1069,6,6,6,10,69,2
1070,7,7,7,10,70,2
1071,7,7,7,10,71,2
1072,6,6,6,10,72,2
1073,6,6,6,10,73,2
1074,7,7,7,10,74,2
1075,6,6,6,10,75,2
1076,6,6,6,10,76,2
1077,6,6,6,10,77,2
1078,5,5,5,10,78,2
1079,5,5,5,10,79,2
1080,6,6,6,10,80,2
1081,5,5,5,10,81,2
1082,6,6,6,10,82,2
1083,7,7,7,10,83,2
1084,6,6,6,10,84,2
1085,6,6,6,10,85,2
1086,3,3,3,10,86,2
1087,0,0,0,10,87,2
1088,0,0,0,10,88,2
1089,0,0,0,10,89,2
1090,0,0,0,10,90,2
1091,0,0,0,10,91,2
1092,0,0,0,10,92,2
1093,0,0,0,10,93,2
1094,0,0,0,10,94,2
1095,0,0,0,10,95,2
1096,0,0,0,10,96,2
1097,0,0,0,10,97,2
1098,0,0,0,10,98,2
1099,0,0,0,10,99,2
1100,0,0,0,11,0,2
1101,0,0,0,11,1,2
1102,0,0,0,11,2,2
1103,0,0,0,11,3,2
1104,0,0,0,11,4,2
1105,0,0,0,11,5,2
1106,0,0,0,11,6,2
1107,0,0,0,11,7,2
1108,0,0,0,11,8,2
1109,0,0,0,11,9,2
1110,0,0,0,11,10,2
1111,0,0,0,11,11,2
1112,0,0,0,11,12,2
1113,2,2,2,11,13,2
1114,7,7,7,11,14,2
1115,7,7,7,11,15,2
1116,6,6,6,11,16,2
1117,6,6,6,11,17,2
1118,7,7,7,11,18,2
1119,6,6,6,11,19,2
1120,6,6,6,11,20,2
1121,6,6,6,11,21,2
1122,8,8,8,11,22,2
1123,8,8,8,11,23,2
1124,7,7,7,11,24,2
1125,7,7,7,11,25,2
1126,5,5,5,11,26,2
1127,6,6,6,11,27,2
1128,17,17,17,11,28,10
1129,34,34,34,11,29,1
1130,55,55,55,11,30,3
1131,62,62,62,11,31,3
1132,62,62,62,11,32,3
1133,70,70,70,11,33,3
1134,78,78,78,11,34,3
1135,73,73,73,11,35,3
1136,66,66,66,11,36,3
1137,65,65,65,11,37,3
1138,68,68,68,11,38,3
1139,47,47,47,11,39,9
1140,33,33,33,11,40,1
1141,76,76,76,11,41,3
1142,115,115,115,11,42,1
1143,54,54,54,11,43,3
1144,34,34,34,11,44,1
1145,39,39,39,11,45,7
1146,62,62,62,11,46,3
1147,61,61,61,11,47,3
1148,94,94,94,11,48,1
1149,97,97,97,11,49,1
1150,99,99,99,11,50,1
1151,79,79,79,11,51,3
1152,74,74,74,11,52,3
1153,83,83,83,11,53,1
1154,82,82,82,11,54,3
1155,58,58,58,11,55,3
1156,24,24,24,11,56,1
1157,15,15,15,11,57,10
1158,17,17,17,11,58,10
1159,19,19,19,11,59,1
1160,31,31,31,11,60,4
1161,61,61,61,11,61,3
1162,78,78,78,11,62,3
1163,77,77,77,11,63,3
1164,95,95,95,11,64,1
1165,74,74,74,11,65,3
1166,72,72,72,11,66,3
1167,81,81,81,11,67,3
1168,65,65,65,11,68,3
1169,14,14,14,11,69,8
1170,4,4,4,11,70,2
1171,8,8,8,11,71,2
1172,7,7,7,11,72,2
1173,7,7,7,11,73,2
1174,6,6,6,11,74,2
1175,7,7,7,11,75,2
1176,6,6,6,11,76,2
1177,6,6,6,11,77,2
1178,6,6,6,11,78,2
1179,7,7,7,11,79,2
1180,7,7,7,11,80,2
1181,6,6,6,11,81,2
1182,6,6,6,11,82,2
1183,6,6,6,11,83,2
1184,6,6,6,11,84,2
1185,6,6,6,11,85,2
1186,4,4,4,11,86,2
1187,0,0,0,11,87,2
1188,0,0,0,11,88,2
1189,0,0,0,11,89,2
1190,0,0,0,11,90,2
1191,0,0,0,11,91,2
1192,0,0,0,11,92,2
1193,0,0,0,11,93,2
1194,0,0,0,11,94,2
1195,0,0,0,11,95,2
1196,0,0,0,11,96,2
1197,0,0,0,11,97,2
1198,0,0,0,11,98,2
1199,0,0,0,11,99,2
1200,0,0,0,12,0,2
1201,0,0,0,12,1,2
1202,0,0,0,12,2,2
1203,0,0,0,12,3,2
1204,0,0,0,12,4,2
1205,0,0,0,12,5,2
1206,0,0,0,12,6,2
1207,0,0,0,12,7,2
1208,0,0,0,12,8,2
1209,0,0,0,12,9,2
1210,0,0,0,12,10,2
1211,0,0,0,12,11,2
1212,0,0,0,12,12,2
1213,2,2,2,12,13,2
1214,7,7,7,12,14,2
1215,7,7,7,12,15,2
1216,6,6,6,12,16,2
1217,6,6,6,12,17,2
1218,7,7,7,12,18,2
1219,6,6,6,12,19,2
1220,7,7,7,12,20,2
1221,7,7,7,12,21,2
1222,7,7,7,12,22,2
1223,6,6,6,12,23,2
1224,6,6,6,12,24,2
1225,5,5,5,12,25,2
1226,18,18,18,12,26,10
1227,50,50,50,12,27,3
1228,66,66,66,12,28,3
1229,71,71,71,12,29,3
1230,75,75,75,12,30,3
1231,79,79,79,12,31,3
1232,80,80,80,12,32,3
1233,86,86,86,12,33,5
1234,84,84,84,12,34,5
1235,88,88,88,12,35,1
1236,88,88,88,12,36,1
1237,87,87,87,12,37,5
1238,84,84,84,12,38,5
1239,83,83,83,12,39,1
1240,66,66,66,12,40,3
1241,87,87,87,12,41,5
1242,70,70,70,12,42,3
1243,54,54,54,12,43,3
1244,29,29,29,12,44,4
1245,62,62,62,12,45,3
1246,50,50,50,12,46,3
1247,50,50,50,12,47,3
1248,25,25,25,12,48,1
1249,85,85,85,12,49,5
1250,82,82,82,12,50,3
1251,71,71,71,12,51,3
1252,91,91,91,12,52,1
1253,86,86,86,12,53,5
1254,55,55,55,12,54,3
1255,24,24,24,12,55,1
1256,14,14,14,12,56,8
1257,16,16,16,12,57,10
1258,19,19,19,12,58,1
1259,19,19,19,12,59,1
1260,21,21,21,12,60,1
1261,43,43,43,12,61,11
1262,68,68,68,12,62,3
1263,76,76,76,12,63,3
1264,108,108,108,12,64,1
1265,92,92,92,12,65,1
1266,72,72,72,12,66,3
1267,75,75,75,12,67,3
1268,81,81,81,12,68,3
1269,77,77,77,12,69,3
1270,21,21,21,12,70,1
1271,5,5,5,12,71,2
1272,7,7,7,12,72,2
1273,7,7,7,12,73,2
1274,6,6,6,12,74,2
1275,6,6,6,12,75,2
1276,8,8,8,12,76,2
1277,7,7,7,12,77,2
1278,6,6,6,12,78,2
1279,7,7,7,12,79,2
1280,7,7,7,12,80,2
1281,6,6,6,12,81,2
1282,6,6,6,12,82,2
1283,6,6,6,12,83,2
1284,7,7,7,12,84,2
1285,7,7,7,12,85,2
1286,6,6,6,12,86,2
1287,0,0,0,12,87,2
1288,0,0,0,12,88,2
1289,0,0,0,12,89,2
1290,0,0,0,12,90,2
1291,0,0,0,12,91,2
1292,0,0,0,12,92,2
1293,0,0,0,12,93,2
1294,0,0,0,12,94,2
1295,0,0,0,12,95,2
1296,0,0,0,12,96,2
1297,0,0,0,12,97,2
1298,0,0,0,12,98,2
1299,0,0,0,12,99,2
1300,0,0,0,13,0,2
1301,0,0,0,13,1,2
1302,0,0,0,13,2,2
1303,0,0,0,13,3,2
1304,0,0,0,13,4,2
1305,0,0,0,13,5,2
1306,0,0,0,13,6,2
1307,0,0,0,13,7,2
1308,0,0,0,13,8,2
1309,0,0,0,13,9,2
1310,0,0,0,13,10,2
1311,0,0,0,13,11,2
1312,0,0,0,13,12,2
1313,3,3,3,13,13,2
1314,7,7,7,13,14,2
1315,7,7,7,13,15,2
1316,6,6,6,13,16,2
1317,6,6,6,13,17,2
1318,7,7,7,13,18,2
1319,7,7,7,13,19,2
1320,8,8,8,13,20,2
1321,8,8,8,13,21,2
1322,7,7,7,13,22,2
1323,7,7,7,13,23,2
1324,5,5,5,13,24,2
1325,35,35,35,13,25,6
1326,77,77,77,13,26,3
1327,75,75,75,13,27,3
1328,68,68,68,13,28,3
1329,77,77,77,13,29,3
1330,81,81,81,13,30,3
1331,76,76,76,13,31,3
1332,79,79,79,13,32,3
1333,74,74,74,13,33,3
1334,78,78,78,13,34,3
1335,85,85,85,13,35,5
1336,80,80,80,13,36,3
1337,81,81,81,13,37,3
1338,78,78,78,13,38,3
1339,97,97,97,13,39,1
1340,98,98,98,13,40,1
1341,64,64,64,13,41,3
1342,24,24,24,13,42,1
1343,72,72,72,13,43,3
1344,28,28,28,13,44,1
1345,68,68,68,13,45,3
1346,51,51,51,13,46,3
1347,64,64,64,13,47,3
1348,6,6,6,13,48,2
1349,91,91,91,13,49,1
1350,79,79,79,13,50,3
1351,110,110,110,13,51,1
1352,118,118,118,13,52,1
1353,73,73,73,13,53,3
1354,27,27,27,13,54,1
1355,17,17,17,13,55,10
1356,16,16,16,13,56,10
1357,16,16,16,13,57,10
1358,18,18,18,13,58,10
1359,16,16,16,13,59,10
1360,14,14,14,13,60,8
1361,33,33,33,13,61,1
1362,65,65,65,13,62,3
1363,78,78,78,13,63,3
1364,103,103,103,13,64,1
1365,67,67,67,13,65,3
1366,44,44,44,13,66,11
1367,67,67,67,13,67,3
1368,76,76,76,13,68,3
1369,89,89,89,13,69,1
1370,100,100,100,13,70,1
1371,47,47,47,13,71,9
1372,8,8,8,13,72,2
1373,6,6,6,13,73,2
1374,7,7,7,13,74,2
1375,7,7,7,13,75,2
1376,8,8,8,13,76,2
1377,7,7,7,13,77,2
1378,6,6,6,13,78,2
1379,6,6,6,13,79,2
1380,7,7,7,13,80,2
1381,7,7,7,13,81,2
1382,6,6,6,13,82,2
1383,6,6,6,13,83,2
1384,5,5,5,13,84,2
1385,7,7,7,13,85,2
1386,6,6,6,13,86,2
1387,0,0,0,13,87,2
1388,0,0,0,13,88,2
1389,0,0,0,13,89,2
1390,0,0,0,13,90,2
1391,0,0,0,13,91,2
1392,0,0,0,13,92,2
1393,0,0,0,13,93,2
1394,0,0,0,13,94,2
1395,0,0,0,13,95,2
1396,0,0,0,13,96,2
1397,0,0,0,13,97,2
1398,0,0,0,13,98,2
1399,0,0,0,13,99,2
1400,0,0,0,14,0,2
1401,0,0,0,14,1,2
1402,0,0,0,14,2,2
1403,0,0,0,14,3,2
1404,0,0,0,14,4,2
1405,0,0,0,14,5,2
1406,0,0,0,14,6,2
1407,0,0,0,14,7,2
1408,0,0,0,14,8,2
1409,0,0,0,14,9,2
1410,0,0,0,14,10,2
1411,0,0,0,14,11,2
1412,0,0,0,14,12,2
1413,4,4,4,14,13,2
1414,7,7,7,14,14,2
1415,6,6,6,14,15,2
1416,7,7,7,14,16,2
1417,6,6,6,14,17,2
1418,7,7,7,14,18,2
1419,7,7,7,14,19,2
1420,6,6,6,14,20,2
1421,7,7,7,14,21,2
1422,7,7,7,14,22,2
1423,4,4,4,14,23,2
1424,37,37,37,14,24,6
1425,86,86,86,14,25,5
1426,84,84,84,14,26,5
1427,71,71,71,14,27,3
1428,72,72,72,14,28,3
1429,84,84,84,14,29,5
1430,77,77,77,14,30,3
1431,58,58,58,14,31,3
1432,45,45,45,14,32,9
1433,38,38,38,14,33,6
1434,48,48,48,14,34,9
1435,64,64,64,14,35,3
1436,78,78,78,14,36,3
1437,100,100,100,14,37,1
1438,100,100,100,14,38,1
1439,73,73,73,14,39,3
1440,106,106,106,14,40,1
1441,72,72,72,14,41,3
1442,8,8,8,14,42,2
1443,76,76,76,14,43,3
1444,40,40,40,14,44,7
1445,54,54,54,14,45,3
1446,44,44,44,14,46,11
1447,83,83,83,14,47,1
1448,32,32,32,14,48,1
1449,56,56,56,14,49,3
1450,67,67,67,14,50,3
1451,135,135,135,14,51,1
1452,118,118,118,14,52,1
1453,65,65,65,14,53,3
1454,31,31,31,14,54,4
1455,13,13,13,14,55,8
1456,15,15,15,14,56,10
1457,18,18,18,14,57,10
1458,17,17,17,14,58,10
1459,15,15,15,14,59,10
1460,17,17,17,14,60,10
1461,40,40,40,14,61,7
1462,90,90,90,14,62,1
1463,79,79,79,14,63,3
1464,88,88,88,14,64,1
1465,28,28,28,14,65,1
1466,36,36,36,14,66,6
1467,34,34,34,14,67,1
1468,83,83,83,14,68,1
1469,74,74,74,14,69,3
1470,74,74,74,14,70,3
1471,112,112,112,14,71,1
1472,70,70,70,14,72,3
1473,15,15,15,14,73,10
1474,5,5,5,14,74,2
1475,7,7,7,14,75,2
1476,7,7,7,14,76,2
1477,6,6,6,14,77,2
1478,7,7,7,14,78,2
1479,7,7,7,14,79,2
1480,7,7,7,14,80,2
1481,6,6,6,14,81,2
1482,6,6,6,14,82,2
1483,7,7,7,14,83,2
1484,6,6,6,14,84,2
1485,6,6,6,14,85,2
1486,5,5,5,14,86,2
1487,1,1,1,14,87,2
1488,0,0,0,14,88,2
1489,0,0,0,14,89,2
1490,0,0,0,14,90,2
1491,0,0,0,14,91,2
1492,0,0,0,14,92,2
1493,0,0,0,14,93,2
1494,0,0,0,14,94,2
1495,0,0,0,14,95,2
1496,0,0,0,14,96,2
1497,0,0,0,14,97,2
1498,0,0,0,14,98,2
1499,0,0,0,14,99,2
1500,0,0,0,15,0,2
1501,0,0,0,15,1,2
1502,0,0,0,15,2,2
1503,0,0,0,15,3,2
1504,0,0,0,15,4,2
1505,0,0,0,15,5,2
1506,0,0,0,15,6,2
1507,0,0,0,15,7,2
1508,0,0,0,15,8,2
1509,0,0,0,15,9,2
1510,0,0,0,15,10,2
1511,0,0,0,15,11,2
1512,0,0,0,15,12,2
1513,5,5,5,15,13,2
1514,8,8,8,15,14,2
1515,8,8,8,15,15,2
1516,6,6,6,15,16,2
1517,6,6,6,15,17,2
1518,6,6,6,15,18,2
1519,6,6,6,15,19,2
1520,6,6,6,15,20,2
1521,7,7,7,15,21,2
1522,5,5,5,15,22,2
1523,27,27,27,15,23,1
1524,88,88,88,15,24,1
1525,89,89,89,15,25,1
1526,79,79,79,15,26,3
1527,70,70,70,15,27,3
1528,78,78,78,15,28,3
1529,75,75,75,15,29,3
1530,47,47,47,15,30,9
1531,23,23,23,15,31,1
1532,17,17,17,15,32,10
1533,18,18,18,15,33,10
1534,23,23,23,15,34,1
1535,37,37,37,15,35,6
1536,53,53,53,15,36,3
1537,78,78,78,15,37,3
1538,113,113,113,15,38,1
1539,121,121,121,15,39,1
1540,90,90,90,15,40,1
1541,84,84,84,15,41,5
1542,14,14,14,15,42,8
1543,64,64,64,15,43,3
1544,73,73,73,15,44,3
1545,36,36,36,15,45,6
1546,48,48,48,15,46,9
1547,110,110,110,15,47,1
1548,38,38,38,15,48,6
1549,23,23,23,15,49,1
1550,58,58,58,15,50,3
1551,127,127,127,15,51,1
1552,133,133,133,15,52,1
1553,97,97,97,15,53,1
1554,34,34,34,15,54,1
1555,13,13,13,15,55,8
1556,15,15,15,15,56,10
1557,17,17,17,15,57,10
1558,17,17,17,15,58,10
1559,11,11,11,15,59,2
1560,22,22,22,15,60,1
1561,64,64,64,15,61,3
1562,106,106,106,15,62,1
1563,78,78,78,15,63,3
1564,76,76,76,15,64,3
1565,60,60,60,15,65,3
1566,130,130,130,15,66,1
1567,36,36,36,15,67,6
1568,37,37,37,15,68,6
1569,94,94,94,15,69,1
1570,67,67,67,15,70,3
1571,78,78,78,15,71,3
1572,126,126,126,15,72,1
1573,78,78,78,15,73,3
1574,16,16,16,15,74,10
1575,6,6,6,15,75,2
1576,8,8,8,15,76,2
1577,8,8,8,15,77,2
1578,7,7,7,15,78,2
1579,7,7,7,15,79,2
1580,6,6,6,15,80,2
1581,7,7,7,15,81,2
1582,6,6,6,15,82,2
1583,7,7,7,15,83,2
1584,6,6,6,15,84,2
1585,6,6,6,15,85,2
1586,5,5,5,15,86,2
1587,1,1,1,15,87,2
1588,0,0,0,15,88,2
1589,0,0,0,15,89,2
1590,0,0,0,15,90,2
1591,0,0,0,15,91,2
1592,0,0,0,15,92,2
1593,0,0,0,15,93,2
1594,0,0,0,15,94,2
1595,0,0,0,15,95,2
1596,0,0,0,15,96,2
1597,0,0,0,15,97,2
1598,0,0,0,15,98,2
1599,0,0,0,15,99,2
1600,0,0,0,16,0,2
1601,0,0,0,16,1,2
1602,0,0,0,16,2,2
1603,0,0,0,16,3,2
1604,0,0,0,16,4,2
1605,0,0,0,16,5,2
1606,0,0,0,16,6,2
1607,0,0,0,16,7,2
1608,0,0,0,16,8,2
1609,0,0,0,16,9,2
1610,0,0,0,16,10,2
1611,0,0,0,16,11,2
1612,0,0,0,16,12,2
1613,4,4,4,16,13,2
1614,6,6,6,16,14,2
1615,7,7,7,16,15,2
1616,7,7,7,16,16,2
1617,8,8,8,16,17,2
1618,6,6,6,16,18,2
1619,7,7,7,16,19,2
1620,7,7,7,16,20,2
1621,7,7,7,16,21,2
1622,10,10,10,16,22,2
1623,66,66,66,16,23,3
1624,94,94,94,16,24,1
1625,76,76,76,16,25,3
1626,68,68,68,16,26,3
1627,72,72,72,16,27,3
1628,77,77,77,16,28,3
1629,49,49,49,16,29,1
1630,23,23,23,16,30,1
1631,13,13,13,16,31,8
1632,13,13,13,16,32,8
1633,15,15,15,16,33,10
1634,17,17,17,16,34,10
1635,30,30,30,16,35,4
1636,46,46,46,16,36,9
1637,86,86,86,16,37,5
1638,117,117,117,16,38,1
1639,129,129,129,16,39,1
1640,121,121,121,16,40,1
1641,63,63,63,16,41,3
1642,49,49,49,16,42,1
1643,38,38,38,16,43,6
1644,81,81,81,16,44,3
1645,39,39,39,16,45,7
1646,45,45,45,16,46,9
1647,98,98,98,16,47,1
1648,44,44,44,16,48,11
1649,42,42,42,16,49,11
1650,50,50,50,16,50,3
1651,108,108,108,16,51,1
1652,128,128,128,16,52,1
1653,120,120,120,16,53,1
1654,86,86,86,16,54,5
1655,36,36,36,16,55,6
1656,22,22,22,16,56,1
1657,18,18,18,16,57,10
1658,19,19,19,16,58,1
1659,21,21,21,16,59,1
1660,47,47,47,16,60,9
1661,84,84,84,16,61,5
1662,109,109,109,16,62,1
1663,84,84,84,16,63,5
1664,73,73,73,16,64,3
1665,69,69,69,16,65,3
1666,128,128,128,16,66,1
1667,99,99,99,16,67,1
1668,28,28,28,16,68,1
1669,53,53,53,16,69,3
1670,109,109,109,16,70,1
1671,62,62,62,16,71,3
1672,92,92,92,16,72,1
1673,128,128,128,16,73,1
1674,66,66,66,16,74,3
1675,9,9,9,16,75,2
1676,7,7,7,16,76,2
1677,8,8,8,16,77,2
1678,7,7,7,16,78,2
1679,6,6,6,16,79,2
1680,6,6,6,16,80,2
1681,7,7,7,16,81,2
1682,7,7,7,16,82,2
1683,7,7,7,16,83,2
1684,6,6,6,16,84,2
1685,6,6,6,16,85,2
1686,6,6,6,16,86,2
1687,1,1,1,16,87,2
1688,0,0,0,16,88,2
1689,0,0,0,16,89,2
1690,0,0,0,16,90,2
1691,0,0,0,16,91,2
1692,0,0,0,16,92,2
1693,0,0,0,16,93,2
1694,0,0,0,16,94,2
1695,0,0,0,16,95,2
1696,0,0,0,16,96,2
1697,0,0,0,16,97,2
1698,0,0,0,16,98,2
1699,0,0,0,16,99,2
1700,0,0,0,17,0,2
1701,0,0,0,17,1,2
1702,0,0,0,17,2,2
1703,0,0,0,17,3,2
1704,0,0,0,17,4,2
1705,0,0,0,17,5,2
1706,0,0,0,17,6,2
1707,0,0,0,17,7,2
1708,0,0,0,17,8,2
1709,0,0,0,17,9,2
1710,0,0,0,17,10,2
1711,0,0,0,17,11,2
1712,0,0,0,17,12,2
1713,5,5,5,17,13,2
1714,7,7,7,17,14,2
1715,7,7,7,17,15,2
1716,7,7,7,17,16,2
1717,7,7,7,17,17,2
1718,6,6,6,17,18,2
1719,6,6,6,17,19,2
1720,6,6,6,17,20,2
1721,4,4,4,17,21,2
1722,37,37,37,17,22,6
1723,87,87,87,17,23,5
1724,88,88,88,17,24,1
1725,90,90,90,17,25,1
1726,95,95,95,17,26,1
1727,77,77,77,17,27,3
1728,70,70,70,17,28,3
1729,39,39,39,17,29,7
1730,19,19,19,17,30,1
1731,12,12,12,17,31,8
1732,14,14,14,17,32,8
1733,14,14,14,17,33,8
1734,18,18,18,17,34,10
1735,31,31,31,17,35,4
1736,45,45,45,17,36,9
1737,101,101,101,17,37,1
1738,116,116,116,17,38,1
1739,125,125,125,17,39,1
1740,132,132,132,17,40,1
1741,48,48,48,17,41,9
1742,22,22,22,17,42,1
1743,33,33,33,17,43,1
1744,69,69,69,17,44,3
1745,44,44,44,17,45,11
1746,37,37,37,17,46,6
1747,56,56,56,17,47,3
1748,59,59,59,17,48,3
1749,46,46,46,17,49,9
1750,10,10,10,17,50,2
1751,62,62,62,17,51,3
1752,137,137,137,17,52,1
1753,115,115,115,17,53,1
1754,117,117,117,17,54,1
1755,111,111,111,17,55,1
1756,80,80,80,17,56,3
1757,67,67,67,17,57,3
1758,67,67,67,17,58,3
1759,92,92,92,17,59,1
1760,110,110,110,17,60,1
1761,85,85,85,17,61,5
1762,94,94,94,17,62,1
1763,91,91,91,17,63,1
1764,64,64,64,17,64,3
1765,73,73,73,17,65,3
1766,84,84,84,17,66,5
1767,51,51,51,17,67,3
1768,33,33,33,17,68,1
1769,7,7,7,17,69,2
1770,85,85,85,17,70,5
1771,108,108,108,17,71,1
1772,64,64,64,17,72,3
1773,112,112,112,17,73,1
1774,113,113,113,17,74,1
1775,45,45,45,17,75,9
1776,6,6,6,17,76,2
1777,8,8,8,17,77,2
1778,7,7,7,17,78,2
1779,6,6,6,17,79,2
1780,7,7,7,17,80,2
1781,7,7,7,17,81,2
1782,7,7,7,17,82,2
1783,7,7,7,17,83,2
1784,6,6,6,17,84,2
1785,6,6,6,17,85,2
1786,8,8,8,17,86,2
1787,2,2,2,17,87,2
1788,0,0,0,17,88,2
1789,0,0,0,17,89,2
1790,0,0,0,17,90,2
1791,0,0,0,17,91,2
1792,0,0,0,17,92,2
1793,0,0,0,17,93,2
1794,0,0,0,17,94,2
1795,0,0,0,17,95,2
1796,0,0,0,17,96,2
1797,0,0,0,17,97,2
1798,0,0,0,17,98,2
1799,0,0,0,17,99,2
1800,0,0,0,18,0,2
1801,0,0,0,18,1,2
1802,0,0,0,18,2,2
1803,0,0,0,18,3,2
1804,0,0,0,18,4,2
1805,0,0,0,18,5,2
1806,0,0,0,18,6,2
1807,0,0,0,18,7,2
1808,0,0,0,18,8,2
1809,0,0,0,18,9,2
1810,0,0,0,18,10,2
1811,0,0,0,18,11,2
1812,0,0,0,18,12,2
1813,5,5,5,18,13,2
1814,7,7,7,18,14,2
1815,7,7,7,18,15,2
1816,5,5,5,18,16,2
1817,6,6,6,18,17,2
1818,7,7,7,18,18,2
1819,7,7,7,18,19,2
1820,3,3,3,18,20,2
1821,19,19,19,18,21,1
1822,70,70,70,18,22,3
1823,91,91,91,18,23,1
1824,92,92,92,18,24,1
1825,97,97,97,18,25,1
1826,114,114,114,18,26,1
1827,89,89,89,18,27,1
1828,66,66,66,18,28,3
1829,41,41,41,18,29,7
1830,17,17,17,18,30,10
1831,12,12,12,18,31,8
1832,16,16,16,18,32,10
1833,17,17,17,18,33,10
1834,20,20,20,18,34,1
1835,34,34,34,18,35,1
1836,70,70,70,18,36,3
1837,124,124,124,18,37,1
1838,114,114,114,18,38,1
1839,130,130,130,18,39,1
1840,136,136,136,18,40,1
1841,39,39,39,18,41,7
1842,5,5,5,18,42,2
1843,42,42,42,18,43,11
1844,57,57,57,18,44,3
1845,43,43,43,18,45,11
1846,35,35,35,18,46,6
1847,55,55,55,18,47,3
1848,53,53,53,18,48,3
1849,30,30,30,18,49,4
1850,7,7,7,18,50,2
1851,10,10,10,18,51,2
1852,94,94,94,18,52,1
1853,131,131,131,18,53,1
1854,110,110,110,18,54,1
1855,128,128,128,18,55,1
1856,123,123,123,18,56,1
1857,120,120,120,18,57,1
1858,124,124,124,18,58,1
1859,127,127,127,18,59,1
1860,106,106,106,18,60,1
1861,101,101,101,18,61,1
1862,85,85,85,18,62,5
1863,103,103,103,18,63,1
1864,51,51,51,18,64,3
1865,14,14,14,18,65,8
1866,18,18,18,18,66,10
1867,26,26,26,18,67,1
1868,34,34,34,18,68,1
1869,51,51,51,18,69,3
1870,91,91,91,18,70,1
1871,136,136,136,18,71,1
1872,91,91,91,18,72,1
1873,85,85,85,18,73,5
1874,120,120,120,18,74,1
1875,95,95,95,18,75,1
1876,23,23,23,18,76,1
1877,5,5,5,18,77,2
1878,6,6,6,18,78,2
1879,6,6,6,18,79,2
1880,6,6,6,18,80,2
1881,7,7,7,18,81,2
1882,7,7,7,18,82,2
1883,7,7,7,18,83,2
1884,6,6,6,18,84,2
1885,6,6,6,18,85,2
1886,7,7,7,18,86,2
1887,2,2,2,18,87,2
1888,0,0,0,18,88,2
1889,0,0,0,18,89,2
1890,0,0,0,18,90,2
1891,0,0,0,18,91,2
1892,0,0,0,18,92,2
1893,0,0,0,18,93,2
1894,0,0,0,18,94,2
1895,0,0,0,18,95,2
1896,0,0,0,18,96,2
1897,0,0,0,18,97,2
1898,0,0,0,18,98,2
1899,0,0,0,18,99,2
1900,0,0,0,19,0,2
1901,0,0,0,19,1,2
1902,0,0,0,19,2,2
1903,0,0,0,19,3,2
1904,0,0,0,19,4,2
1905,0,0,0,19,5,2
1906,0,0,0,19,6,2
1907,0,0,0,19,7,2
1908,0,0,0,19,8,2
1909,0,0,0,19,9,2
1910,0,0,0,19,10,2
1911,0,0,0,19,11,2
1912,1,1,1,19,12,2
1913,6,6,6,19,13,2
1914,7,7,7,19,14,2
1915,7,7,7,19,15,2
1916,6,6,6,19,16,2
1917,6,6,6,19,17,2
1918,7,7,7,19,18,2
1919,7,7,7,19,19,2
1920,29,29,29,19,20,4
1921,92,92,92,19,21,1
1922,110,110,110,19,22,1
1923,79,79,79,19,23,3
1924,101,101,101,19,24,1
1925,59,59,59,19,25,3
1926,95,95,95,19,26,1
1927,107,107,107,19,27,1
1928,87,87,87,19,28,5
1929,57,57,57,19,29,3
1930,25,25,25,19,30,1
1931,17,17,17,19,31,10
1932,18,18,18,19,32,10
1933,23,23,23,19,33,1
1934,30,30,30,19,34,4
1935,58,58,58,19,35,3
1936,119,119,119,19,36,1
1937,123,123,123,19,37,1
1938,119,119,119,19,38,1
1939,139,139,139,19,39,1
1940,126,126,126,19,40,1
1941,24,24,24,19,41,1
1942,18,18,18,19,42,10
1943,50,50,50,19,43,3
1944,46,46,46,19,44,9
1945,43,43,43,19,45,11
1946,35,35,35,19,46,6
1947,48,48,48,19,47,9
1948,66,66,66,19,48,3
1949,32,32,32,19,49,1
1950,9,9,9,19,50,2
1951,10,10,10,19,51,2
1952,28,28,28,19,52,1
1953,105,105,105,19,53,1
1954,114,114,114,19,54,1
1955,146,146,146,19,55,1
1956,136,136,136,19,56,1
1957,127,127,127,19,57,1
1958,119,119,119,19,58,1
1959,110,110,110,19,59,1
1960,96,96,96,19,60,1
1961,115,115,115,19,61,1
1962,81,81,81,19,62,3
1963,78,78,78,19,63,3
1964,10,10,10,19,64,2
1965,32,32,32,19,65,1
1966,66,66,66,19,66,3
1967,76,76,76,19,67,3
1968,72,72,72,19,68,3
1969,111,111,111,19,69,1
1970,121,121,121,19,70,1
1971,131,131,131,19,71,1
1972,131,131,131,19,72,1
1973,92,92,92,19,73,1
1974,96,96,96,19,74,1
1975,132,132,132,19,75,1
1976,72,72,72,19,76,3
1977,10,10,10,19,77,2
1978,5,5,5,19,78,2
1979,7,7,7,19,79,2
1980,6,6,6,19,80,2
1981,7,7,7,19,81,2
1982,7,7,7,19,82,2
1983,7,7,7,19,83,2
1984,7,7,7,19,84,2
1985,7,7,7,19,85,2
1986,6,6,6,19,86,2
1987,2,2,2,19,87,2
1988,0,0,0,19,88,2
1989,0,0,0,19,89,2
1990,0,0,0,19,90,2
1991,0,0,0,19,91,2
1992,0,0,0,19,92,2
1993,0,0,0,19,93,2
1994,0,0,0,19,94,2
1995,0,0,0,19,95,2
1996,0,0,0,19,96,2
1997,0,0,0,19,97,2
1998,0,0,0,19,98,2
1999,0,0,0,19,99,2
2000,0,0,0,20,0,2
2001,0,0,0,20,1,2
2002,0,0,0,20,2,2
2003,0,0,0,20,3,2
2004,0,0,0,20,4,2
2005,0,0,0,20,5,2
2006,0,0,0,20,6,2
2007,0,0,0,20,7,2
2008,0,0,0,20,8,2
2009,0,0,0,20,9,2
2010,0,0,0,20,10,2
2011,0,0,0,20,11,2
2012,0,0,0,20,12,2
2013,5,5,5,20,13,2
2014,7,7,7,20,14,2
2015,6,6,6,20,15,2
2016,6,6,6,20,16,2
2017,7,7,7,20,17,2
2018,6,6,6,20,18,2
2019,31,31,31,20,19,4
2020,104,104,104,20,20,1
2021,127,127,127,20,21,1
2022,81,81,81,20,22,3
2023,90,90,90,20,23,1
2024,53,53,53,20,24,3
2025,9,9,9,20,25,2
2026,40,40,40,20,26,7
2027,114,114,114,20,27,1
2028,109,109,109,20,28,1
2029,100,100,100,20,29,1
2030,71,71,71,20,30,3
2031,48,48,48,20,31,9
2032,49,49,49,20,32,1
2033,55,55,55,20,33,3
2034,76,76,76,20,34,3
2035,130,130,130,20,35,1
2036,137,137,137,20,36,1
2037,118,118,118,20,37,1
2038,122,122,122,20,38,1
2039,132,132,132,20,39,1
2040,107,107,107,20,40,1
2041,20,20,20,20,41,1
2042,12,12,12,20,42,8
2043,36,36,36,20,43,6
2044,62,62,62,20,44,3
2045,41,41,41,20,45,7
2046,38,38,38,20,46,6
2047,44,44,44,20,47,11
2048,70,70,70,20,48,3
2049,47,47,47,20,49,9
2050,6,6,6,20,50,2
2051,15,15,15,20,51,10
2052,29,29,29,20,52,4
2053,58,58,58,20,53,3
2054,134,134,134,20,54,1
2055,154,154,154,20,55,1
2056,143,143,143,20,56,1
2057,139,139,139,20,57,1
2058,114,114,114,20,58,1
2059,107,107,107,20,59,1
2060,115,115,115,20,60,1
2061,96,96,96,20,61,1
2062,70,70,70,20,62,3
2063,18,18,18,20,63,10
2064,21,21,21,20,64,1
2065,75,75,75,20,65,3
2066,62,62,62,20,66,3
2067,44,44,44,20,67,11
2068,82,82,82,20,68,3
2069,109,109,109,20,69,1
2070,119,119,119,20,70,1
2071,131,131,131,20,71,1
2072,136,136,136,20,72,1
2073,121,121,121,20,73,1
2074,96,96,96,20,74,1
2075,116,116,116,20,75,1
2076,112,112,112,20,76,1
2077,41,41,41,20,77,7
2078,4,4,4,20,78,2
2079,6,6,6,20,79,2
2080,6,6,6,20,80,2
2081,7,7,7,20,81,2
2082,6,6,6,20,82,2
2083,7,7,7,20,83,2
2084,7,7,7,20,84,2
2085,7,7,7,20,85,2
2086,7,7,7,20,86,2
2087,2,2,2,20,87,2
2088,0,0,0,20,88,2
2089,0,0,0,20,89,2
2090,0,0,0,20,90,2
2091,0,0,0,20,91,2
2092,0,0,0,20,92,2
2093,0,0,0,20,93,2
2094,0,0,0,20,94,2
2095,0,0,0,20,95,2
2096,0,0,0,20,96,2
2097,0,0,0,20,97,2
2098,0,0,0,20,98,2
2099,0,0,0,20,99,2
2100,0,0,0,21,0,2
2101,0,0,0,21,1,2
2102,0,0,0,21,2,2
2103,0,0,0,21,3,2
2104,0,0,0,21,4,2
2105,0,0,0,21,5,2
2106,0,0,0,21,6,2
2107,0,0,0,21,7,2
2108,0,0,0,21,8,2
2109,0,0,0,21,9,2
2110,0,0,0,21,10,2
2111,0,0,0,21,11,2
2112,1,1,1,21,12,2
2113,6,6,6,21,13,2
2114,7,7,7,21,14,2
2115,6,6,6,21,15,2
2116,6,6,6,21,16,2
2117,6,6,6,21,17,2
2118,7,7,7,21,18,2
2119,66,66,66,21,19,3
2120,141,141,141,21,20,1
2121,111,111,111,21,21,1
2122,80,80,80,21,22,3
2123,92,92,92,21,23,1
2124,24,24,24,21,24,1
2125,115,115,115,21,25,1
2126,62,62,62,21,26,3
2127,85,85,85,21,27,5
2128,130,130,130,21,28,1
2129,122,122,122,21,29,1
2130,123,123,123,21,30,1
2131,114,114,114,21,31,1
2132,105,105,105,21,32,1
2133,108,108,108,21,33,1
2134,135,135,135,21,34,1
2135,147,147,147,21,35,1
2136,142,142,142,21,36,1
2137,139,139,139,21,37,1
2138,128,128,128,21,38,1
2139,116,116,116,21,39,1
2140,70,70,70,21,40,3
2141,30,30,30,21,41,4
2142,12,12,12,21,42,8
2143,12,12,12,21,43,8
2144,29,29,29,21,44,4
2145,47,47,47,21,45,9
2146,47,47,47,21,46,9
2147,49,49,49,21,47,1
2148,27,27,27,21,48,1
2149,29,29,29,21,49,4
2150,13,13,13,21,50,8
2151,28,28,28,21,51,1
2152,31,31,31,21,52,4
2153,22,22,22,21,53,1
2154,122,122,122,21,54,1
2155,164,164,164,21,55,1
2156,153,153,153,21,56,1
2157,152,152,152,21,57,1
2158,121,121,121,21,58,1
2159,118,118,118,21,59,1
2160,114,114,114,21,60,1
2161,81,81,81,21,61,3
2162,30,30,30,21,62,4
2163,36,36,36,21,63,6
2164,74,74,74,21,64,3
2165,71,71,71,21,65,3
2166,53,53,53,21,66,3
2167,46,46,46,21,67,9
2168,71,71,71,21,68,3
2169,101,101,101,21,69,1
2170,115,115,115,21,70,1
2171,127,127,127,21,71,1
2172,136,136,136,21,72,1
2173,140,140,140,21,73,1
2174,97,97,97,21,74,1
2175,98,98,98,21,75,1
2176,120,120,120,21,76,1
2177,88,88,88,21,77,1
2178,18,18,18,21,78,10
2179,5,5,5,21,79,2
2180,6,6,6,21,80,2
2181,7,7,7,21,81,2
2182,7,7,7,21,82,2
2183,7,7,7,21,83,2
2184,7,7,7,21,84,2
2185,7,7,7,21,85,2
2186,7,7,7,21,86,2
2187,3,3,3,21,87,2
2188,0,0,0,21,88,2
2189,0,0,0,21,89,2
2190,0,0,0,21,90,2
2191,0,0,0,21,91,2
2192,0,0,0,21,92,2
2193,0,0,0,21,93,2
2194,0,0,0,21,94,2
2195,0,0,0,21,95,2
2196,0,0,0,21,96,2
2197,0,0,0,21,97,2
2198,0,0,0,21,98,2
2199,0,0,0,21,99,2
2200,0,0,0,22,0,2
2201,0,0,0,22,1,2
2202,0,0,0,22,2,2
2203,0,0,0,22,3,2
2204,0,0,0,22,4,2
2205,0,0,0,22,5,2
2206,0,0,0,22,6,2
2207,0,0,0,22,7,2
2208,0,0,0,22,8,2
2209,0,0,0,22,9,2
2210,0,0,0,22,10,2
2211,0,0,0,22,11,2
2212,1,1,1,22,12,2
2213,7,7,7,22,13,2
2214,8,8,8,22,14,2
2215,7,7,7,22,15,2
2216,8,8,8,22,16,2
2217,5,5,5,22,17,2
2218,22,22,22,22,18,1
2219,93,93,93,22,19,1
2220,121,121,121,22,20,1
2221,78,78,78,22,21,3
2222,102,102,102,22,22,1
2223,43,43,43,22,23,11
2224,61,61,61,22,24,3
2225,159,159,159,22,25,1
2226,117,117,117,22,26,1
2227,48,48,48,22,27,9
2228,134,134,134,22,28,1
2229,129,129,129,22,29,1
2230,119,119,119,22,30,1
2231,130,130,130,22,31,1
2232,124,124,124,22,32,1
2233,127,127,127,22,33,1
2234,138,138,138,22,34,1
2235,134,134,134,22,35,1
2236,150,150,150,22,36,1
2237,152,152,152,22,37,1
2238,129,129,129,22,38,1
2239,69,69,69,22,39,3
2240,25,25,25,22,40,1
2241,21,21,21,22,41,1
2242,12,12,12,22,42,8
2243,9,9,9,22,43,2
2244,17,17,17,22,44,10
2245,48,48,48,22,45,9
2246,39,39,39,22,46,7
2247,42,42,42,22,47,11
2248,64,64,64,22,48,3
2249,54,54,54,22,49,3
2250,46,46,46,22,50,9
2251,27,27,27,22,51,1
2252,10,10,10,22,52,2
2253,18,18,18,22,53,10
2254,104,104,104,22,54,1
2255,151,151,151,22,55,1
2256,156,156,156,22,56,1
2257,172,172,172,22,57,1
2258,126,126,126,22,58,1
2259,113,113,113,22,59,1
2260,96,96,96,22,60,1
2261,58,58,58,22,61,3
2262,77,77,77,22,62,3
2263,64,64,64,22,63,3
2264,70,70,70,22,64,3
2265,62,62,62,22,65,3
2266,60,60,60,22,66,3
2267,57,57,57,22,67,3
2268,34,34,34,22,68,1
2269,90,90,90,22,69,1
2270,126,126,126,22,70,1
2271,94,94,94,22,71,1
2272,133,133,133,22,72,1
2273,136,136,136,22,73,1
2274,124,124,124,22,74,1
2275,97,97,97,22,75,1
2276,111,111,111,22,76,1
2277,119,119,119,22,77,1
2278,57,57,57,22,78,3
2279,9,9,9,22,79,2
2280,6,6,6,22,80,2
2281,7,7,7,22,81,2
2282,7,7,7,22,82,2
2283,7,7,7,22,83,2
2284,7,7,7,22,84,2
2285,6,6,6,22,85,2
2286,7,7,7,22,86,2
2287,4,4,4,22,87,2
2288,0,0,0,22,88,2
2289,0,0,0,22,89,2
2290,0,0,0,22,90,2
2291,0,0,0,22,91,2
2292,0,0,0,22,92,2
2293,0,0,0,22,93,2
2294,0,0,0,22,94,2
2295,0,0,0,22,95,2
2296,0,0,0,22,96,2
2297,0,0,0,22,97,2
2298,0,0,0,22,98,2
2299,0,0,0,22,99,2
2300,0,0,0,23,0,2
2301,0,0,0,23,1,2
2302,0,0,0,23,2,2
2303,0,0,0,23,3,2
2304,0,0,0,23,4,2
2305,0,0,0,23,5,2
2306,0,0,0,23,6,2
2307,0,0,0,23,7,2
2308,0,0,0,23,8,2
2309,0,0,0,23,9,2
2310,0,0,0,23,10,2
2311,0,0,0,23,11,2
2312,1,1,1,23,12,2
2313,6,6,6,23,13,2
2314,9,9,9,23,14,2
2315,7,7,7,23,15,2
2316,8,8,8,23,16,2
2317,11,11,11,23,17,2
2318,65,65,65,23,18,3
2319,122,122,122,23,19,1
2320,76,76,76,23,20,3
2321,86,86,86,23,21,5
2322,92,92,92,23,22,1
2323,29,29,29,23,23,4
2324,88,88,88,23,24,1
2325,95,95,95,23,25,1
2326,73,73,73,23,26,3
2327,21,21,21,23,27,1
2328,81,81,81,23,28,3
2329,143,143,143,23,29,1
2330,125,125,125,23,30,1
2331,124,124,124,23,31,1
2332,128,128,128,23,32,1
2333,127,127,127,23,33,1
2334,126,126,126,23,34,1
2335,150,150,150,23,35,1
2336,144,144,144,23,36,1
2337,152,152,152,23,37,1
2338,133,133,133,23,38,1
2339,28,28,28,23,39,1
2340,6,6,6,23,40,2
2341,12,12,12,23,41,8
2342,23,23,23,23,42,1
2343,22,22,22,23,43,1
2344,14,14,14,23,44,8
2345,35,35,35,23,45,6
2346,31,31,31,23,46,4
2347,38,38,38,23,47,6
2348,84,84,84,23,48,5
2349,45,45,45,23,49,9
2350,13,13,13,23,50,8
2351,7,7,7,23,51,2
2352,9,9,9,23,52,2
2353,17,17,17,23,53,10
2354,104,104,104,23,54,1
2355,132,132,132,23,55,1
2356,145,145,145,23,56,1
2357,165,165,165,23,57,1
2358,128,128,128,23,58,1
2359,106,106,106,23,59,1
2360,55,55,55,23,60,3
2361,104,104,104,23,61,1
2362,127,127,127,23,62,1
2363,101,101,101,23,63,1
2364,90,90,90,23,64,1
2365,86,86,86,23,65,5
2366,74,74,74,23,66,3
2367,86,86,86,23,67,5
2368,64,64,64,23,68,3
2369,22,22,22,23,69,1
2370,91,91,91,23,70,1
2371,125,125,125,23,71,1
2372,128,128,128,23,72,1
2373,132,132,132,23,73,1
2374,133,133,133,23,74,1
2375,110,110,110,23,75,1
2376,97,97,97,23,76,1
2377,123,123,123,23,77,1
2378,97,97,97,23,78,1
2379,28,28,28,23,79,1
2380,4,4,4,23,80,2
2381,5,5,5,23,81,2
2382,7,7,7,23,82,2
2383,7,7,7,23,83,2
2384,6,6,6,23,84,2
2385,5,5,5,23,85,2
2386,7,7,7,23,86,2
2387,5,5,5,23,87,2
2388,0,0,0,23,88,2
2389,0,0,0,23,89,2
2390,0,0,0,23,90,2
2391,0,0,0,23,91,2
2392,0,0,0,23,92,2
2393,0,0,0,23,93,2
2394,0,0,0,23,94,2
2395,0,0,0,23,95,2
2396,0,0,0,23,96,2
2397,0,0,0,23,97,2
2398,0,0,0,23,98,2
2399,0,0,0,23,99,2
2400,0,0,0,24,0,2
2401,0,0,0,24,1,2
2402,0,0,0,24,2,2
2403,0,0,0,24,3,2
2404,0,0,0,24,4,2
2405,0,0,0,24,5,2
2406,0,0,0,24,6,2
2407,0,0,0,24,7,2
2408,0,0,0,24,8,2
2409,0,0,0,24,9,2
2410,0,0,0,24,10,2
2411,0,0,0,24,11,2
2412,2,2,2,24,12,2
2413,6,6,6,24,13,2
2414,6,6,6,24,14,2
2415,8,8,8,24,15,2
2416,5,5,5,24,16,2
2417,38,38,38,24,17,6
2418,108,108,108,24,18,1
2419,114,114,114,24,19,1
2420,63,63,63,24,20,3
2421,117,117,117,24,21,1
2422,61,61,61,24,22,3
2423,24,24,24,24,23,1
2424,19,19,19,24,24,1
2425,18,18,18,24,25,10
2426,31,31,31,24,26,4
2427,37,37,37,24,27,6
2428,23,23,23,24,28,1
2429,81,81,81,24,29,3
2430,133,133,133,24,30,1
2431,122,122,122,24,31,1
2432,130,130,130,24,32,1
2433,136,136,136,24,33,1
2434,136,136,136,24,34,1
2435,163,163,163,24,35,1
2436,152,152,152,24,36,1
2437,143,143,143,24,37,1
2438,115,115,115,24,38,1
2439,20,20,20,24,39,1
2440,10,10,10,24,40,2
2441,9,9,9,24,41,2
2442,13,13,13,24,42,8
2443,19,19,19,24,43,1
2444,29,29,29,24,44,4
2445,51,51,51,24,45,3
2446,30,30,30,24,46,4
2447,45,45,45,24,47,9
2448,54,54,54,24,48,3
2449,43,43,43,24,49,11
2450,9,9,9,24,50,2
2451,8,8,8,24,51,2
2452,7,7,7,24,52,2
2453,17,17,17,24,53,10
2454,96,96,96,24,54,1
2455,132,132,132,24,55,1
2456,148,148,148,24,56,1
2457,156,156,156,24,57,1
2458,124,124,124,24,58,1
2459,68,68,68,24,59,3
2460,81,81,81,24,60,3
2461,93,93,93,24,61,1
2462,79,79,79,24,62,3
2463,86,86,86,24,63,5
2464,87,87,87,24,64,5
2465,99,99,99,24,65,1
2466,82,82,82,24,66,3
2467,89,89,89,24,67,1
2468,79,79,79,24,68,3
2469,58,58,58,24,69,3
2470,16,16,16,24,70,10
2471,87,87,87,24,71,5
2472,131,131,131,24,72,1
2473,133,133,133,24,73,1
2474,134,134,134,24,74,1
2475,128,128,128,24,75,1
2476,101,101,101,24,76,1
2477,88,88,88,24,77,1
2478,122,122,122,24,78,1
2479,53,53,53,24,79,3
2480,8,8,8,24,80,2
2481,6,6,6,24,81,2
2482,6,6,6,24,82,2
2483,6,6,6,24,83,2
2484,6,6,6,24,84,2
2485,6,6,6,24,85,2
2486,6,6,6,24,86,2
2487,5,5,5,24,87,2
2488,0,0,0,24,88,2
2489,0,0,0,24,89,2
2490,0,0,0,24,90,2
2491,0,0,0,24,91,2
2492,0,0,0,24,92,2
2493,0,0,0,24,93,2
2494,0,0,0,24,94,2
2495,0,0,0,24,95,2
2496,0,0,0,24,96,2
2497,0,0,0,24,97,2
2498,0,0,0,24,98,2
2499,0,0,0,24,99,2
2500,0,0,0,25,0,2
2501,0,0,0,25,1,2
2502,0,0,0,25,2,2
2503,0,0,0,25,3,2
2504,0,0,0,25,4,2
2505,0,0,0,25,5,2
2506,0,0,0,25,6,2
2507,0,0,0,25,7,2
2508,0,0,0,25,8,2
2509,0,0,0,25,9,2
2510,0,0,0,25,10,2
2511,0,0,0,25,11,2
2512,2,2,2,25,12,2
2513,7,7,7,25,13,2
2514,6,6,6,25,14,2
2515,7,7,7,25,15,2
2516,15,15,15,25,16,10
2517,78,78,78,25,17,3
2518,125,125,125,25,18,1
2519,84,84,84,25,19,5
2520,90,90,90,25,20,1
2521,136,136,136,25,21,1
2522,71,71,71,25,22,3
2523,22,22,22,25,23,1
2524,57,57,57,25,24,3
2525,65,65,65,25,25,3
2526,72,72,72,25,26,3
2527,73,73,73,25,27,3
2528,51,51,51,25,28,3
2529,14,14,14,25,29,8
2530,58,58,58,25,30,3
2531,116,116,116,25,31,1
2532,115,115,115,25,32,1
2533,128,128,128,25,33,1
2534,156,156,156,25,34,1
2535,188,188,188,25,35,1
2536,146,146,146,25,36,1
2537,116,116,116,25,37,1
2538,100,100,100,25,38,1
2539,49,49,49,25,39,1
2540,5,5,5,25,40,2
2541,6,6,6,25,41,2
2542,12,12,12,25,42,8
2543,23,23,23,25,43,1
2544,22,22,22,25,44,1
2545,38,38,38,25,45,6
2546,45,45,45,25,46,9
2547,60,60,60,25,47,3
2548,61,61,61,25,48,3
2549,52,52,52,25,49,3
2550,17,17,17,25,50,10
2551,7,7,7,25,51,2
2552,7,7,7,25,52,2
2553,14,14,14,25,53,8
2554,68,68,68,25,54,3
2555,102,102,102,25,55,1
2556,132,132,132,25,56,1
2557,144,144,144,25,57,1
2558,95,95,95,25,58,1
2559,59,59,59,25,59,3
2560,44,44,44,25,60,11
2561,30,30,30,25,61,4
2562,30,30,30,25,62,4
2563,34,34,34,25,63,1
2564,50,50,50,25,64,3
2565,78,78,78,25,65,3
2566,104,104,104,25,66,1
2567,69,69,69,25,67,3
2568,86,86,86,25,68,5
2569,95,95,95,25,69,1
2570,62,62,62,25,70,3
2571,23,23,23,25,71,1
2572,83,83,83,25,72,1
2573,116,116,116,25,73,1
2574,132,132,132,25,74,1
2575,135,135,135,25,75,1
2576,116,116,116,25,76,1
2577,100,100,100,25,77,1
2578,125,125,125,25,78,1
2579,72,72,72,25,79,3
2580,16,16,16,25,80,10
2581,6,6,6,25,81,2
2582,6,6,6,25,82,2
2583,5,5,5,25,83,2
2584,6,6,6,25,84,2
2585,7,7,7,25,85,2
2586,7,7,7,25,86,2
2587,5,5,5,25,87,2
2588,0,0,0,25,88,2
2589,0,0,0,25,89,2
2590,0,0,0,25,90,2
2591,0,0,0,25,91,2
2592,0,0,0,25,92,2
2593,0,0,0,25,93,2
2594,0,0,0,25,94,2
2595,0,0,0,25,95,2
2596,0,0,0,25,96,2
2597,0,0,0,25,97,2
2598,0,0,0,25,98,2
2599,0,0,0,25,99,2
2600,0,0,0,26,0,2
2601,0,0,0,26,1,2
2602,0,0,0,26,2,2
2603,0,0,0,26,3,2
2604,0,0,0,26,4,2
2605,0,0,0,26,5,2
2606,0,0,0,26,6,2
2607,0,0,0,26,7,2
2608,0,0,0,26,8,2
2609,0,0,0,26,9,2
2610,0,0,0,26,10,2
2611,0,0,0,26,11,2
2612,3,3,3,26,12,2
2613,7,7,7,26,13,2
2614,7,7,7,26,14,2
2615,7,7,7,26,15,2
2616,47,47,47,26,16,9
2617,109,109,109,26,17,1
2618,104,104,104,26,18,1
2619,81,81,81,26,19,3
2620,121,121,121,26,20,1
2621,144,144,144,26,21,1
2622,89,89,89,26,22,1
2623,54,54,54,26,23,3
2624,69,69,69,26,24,3
2625,68,68,68,26,25,3
2626,61,61,61,26,26,3
2627,69,69,69,26,27,3
2628,83,83,83,26,28,1
2629,70,70,70,26,29,3
2630,55,55,55,26,30,3
2631,82,82,82,26,31,3
2632,96,96,96,26,32,1
2633,101,101,101,26,33,1
2634,124,124,124,26,34,1
2635,186,186,186,26,35,1
2636,156,156,156,26,36,1
2637,96,96,96,26,37,1
2638,88,88,88,26,38,1
2639,74,74,74,26,39,3
2640,23,23,23,26,40,1
2641,14,14,14,26,41,8
2642,41,41,41,26,42,7
2643,42,42,42,26,43,11
2644,23,23,23,26,44,1
2645,70,70,70,26,45,3
2646,42,42,42,26,46,11
2647,33,33,33,26,47,1
2648,61,61,61,26,48,3
2649,45,45,45,26,49,9
2650,41,41,41,26,50,7
2651,10,10,10,26,51,2
2652,8,8,8,26,52,2
2653,5,5,5,26,53,2
2654,45,45,45,26,54,9
2655,101,101,101,26,55,1
2656,119,119,119,26,56,1
2657,103,103,103,26,57,1
2658,43,43,43,26,58,11
2659,30,30,30,26,59,4
2660,31,31,31,26,60,4
2661,40,40,40,26,61,7
2662,40,40,40,26,62,7
2663,35,35,35,26,63,6
2664,47,47,47,26,64,9
2665,54,54,54,26,65,3
2666,35,35,35,26,66,6
2667,41,41,41,26,67,7
2668,95,95,95,26,68,1
2669,95,95,95,26,69,1
2670,76,76,76,26,70,3
2671,28,28,28,26,71,1
2672,68,68,68,26,72,3
2673,115,115,115,26,73,1
2674,124,124,124,26,74,1
2675,131,131,131,26,75,1
2676,125,125,125,26,76,1
2677,109,109,109,26,77,1
2678,120,120,120,26,78,1
2679,90,90,90,26,79,1
2680,30,30,30,26,80,4
2681,4,4,4,26,81,2
2682,6,6,6,26,82,2
2683,5,5,5,26,83,2
2684,7,7,7,26,84,2
2685,7,7,7,26,85,2
2686,6,6,6,26,86,2
2687,4,4,4,26,87,2
2688,0,0,0,26,88,2
2689,0,0,0,26,89,2
2690,0,0,0,26,90,2
2691,0,0,0,26,91,2
2692,0,0,0,26,92,2
2693,0,0,0,26,93,2
2694,0,0,0,26,94,2
2695,0,0,0,26,95,2
2696,0,0,0,26,96,2
2697,0,0,0,26,97,2
2698,0,0,0,26,98,2
2699,0,0,0,26,99,2
2700,0,0,0,27,0,2
2701,0,0,0,27,1,2
2702,0,0,0,27,2,2
2703,0,0,0,27,3,2
2704,0,0,0,27,4,2
2705,0,0,0,27,5,2
2706,0,0,0,27,6,2
2707,0,0,0,27,7,2
2708,0,0,0,27,8,2
2709,0,0,0,27,9,2
2710,0,0,0,27,10,2
2711,0,0,0,27,11,2
2712,3,3,3,27,12,2
2713,6,6,6,27,13,2
2714,5,5,5,27,14,2
2715,15,15,15,27,15,10
2716,77,77,77,27,16,3
2717,120,120,120,27,17,1
2718,78,78,78,27,18,3
2719,108,108,108,27,19,1
2720,139,139,139,27,20,1
2721,130,130,130,27,21,1
2722,73,73,73,27,22,3
2723,67,67,67,27,23,3
2724,60,60,60,27,24,3
2725,74,74,74,27,25,3
2726,57,57,57,27,26,3
2727,68,68,68,27,27,3
2728,65,65,65,27,28,3
2729,71,71,71,27,29,3
2730,97,97,97,27,30,1
2731,139,139,139,27,31,1
2732,110,110,110,27,32,1
2733,79,79,79,27,33,3
2734,95,95,95,27,34,1
2735,149,149,149,27,35,1
2736,186,186,186,27,36,1
2737,119,119,119,27,37,1
2738,88,88,88,27,38,1
2739,37,37,37,27,39,6
2740,36,36,36,27,40,6
2741,48,48,48,27,41,9
2742,21,21,21,27,42,1
2743,14,14,14,27,43,8
2744,39,39,39,27,44,7
2745,41,41,41,27,45,7
2746,25,25,25,27,46,1
2747,33,33,33,27,47,1
2748,20,20,20,27,48,1
2749,44,44,44,27,49,11
2750,34,34,34,27,50,1
2751,8,8,8,27,51,2
2752,9,9,9,27,52,2
2753,6,6,6,27,53,2
2754,42,42,42,27,54,11
2755,109,109,109,27,55,1
2756,122,122,122,27,56,1
2757,52,52,52,27,57,3
2758,30,30,30,27,58,4
2759,36,36,36,27,59,6
2760,43,43,43,27,60,11
2761,45,45,45,27,61,9
2762,46,46,46,27,62,9
2763,45,45,45,27,63,9
2764,34,34,34,27,64,1
2765,26,26,26,27,65,1
2766,30,30,30,27,66,4
2767,38,38,38,27,67,6
2768,35,35,35,27,68,6
2769,76,76,76,27,69,3
2770,81,81,81,27,70,3
2771,71,71,71,27,71,3
2772,30,30,30,27,72,4
2773,108,108,108,27,73,1
2774,112,112,112,27,74,1
2775,130,130,130,27,75,1
2776,128,128,128,27,76,1
2777,104,104,104,27,77,1
2778,108,108,108,27,78,1
2779,110,110,110,27,79,1
2780,48,48,48,27,80,9
2781,7,7,7,27,81,2
2782,6,6,6,27,82,2
2783,6,6,6,27,83,2
2784,6,6,6,27,84,2
2785,7,7,7,27,85,2
2786,6,6,6,27,86,2
2787,6,6,6,27,87,2
2788,0,0,0,27,88,2
2789,0,0,0,27,89,2
2790,0,0,0,27,90,2
2791,0,0,0,27,91,2
2792,0,0,0,27,92,2
2793,0,0,0,27,93,2
2794,0,0,0,27,94,2
2795,0,0,0,27,95,2
2796,0,0,0,27,96,2
2797,0,0,0,27,97,2
2798,0,0,0,27,98,2
2799,0,0,0,27,99,2
2800,0,0,0,28,0,2
2801,0,0,0,28,1,2
2802,0,0,0,28,2,2
2803,0,0,0,28,3,2
2804,0,0,0,28,4,2
2805,0,0,0,28,5,2
2806,0,0,0,28,6,2
2807,0,0,0,28,7,2
2808,0,0,0,28,8,2
2809,0,0,0,28,9,2
2810,0,0,0,28,10,2
2811,0,0,0,28,11,2
2812,2,2,2,28,12,2
2813,6,6,6,28,13,2
2814,10,10,10,28,14,2
2815,52,52,52,28,15,3
2816,110,110,110,28,16,1
2817,110,110,110,28,17,1
2818,97,97,97,28,18,1
2819,124,124,124,28,19,1
2820,143,143,143,28,20,1
2821,116,116,116,28,21,1
2822,81,81,81,28,22,3
2823,78,78,78,28,23,3
2824,61,61,61,28,24,3
2825,63,63,63,28,25,3
2826,70,70,70,28,26,3
2827,69,69,69,28,27,3
2828,71,71,71,28,28,3
2829,72,72,72,28,29,3
2830,112,112,112,28,30,1
2831,144,144,144,28,31,1
2832,142,142,142,28,32,1
2833,120,120,120,28,33,1
2834,81,81,81,28,34,3
2835,100,100,100,28,35,1
2836,163,163,163,28,36,1
2837,156,156,156,28,37,1
2838,91,91,91,28,38,1
2839,32,32,32,28,39,1
2840,9,9,9,28,40,2
2841,12,12,12,28,41,8
2842,5,5,5,28,42,2
2843,21,21,21,28,43,1
2844,34,34,34,28,44,1
2845,36,36,36,28,45,6
2846,38,38,38,28,46,6
2847,53,53,53,28,47,3
2848,38,38,38,28,48,6
2849,74,74,74,28,49,3
2850,29,29,29,28,50,4
2851,7,7,7,28,51,2
2852,8,8,8,28,52,2
2853,7,7,7,28,53,2
2854,44,44,44,28,54,11
2855,120,120,120,28,55,1
2856,109,109,109,28,56,1
2857,41,41,41,28,57,7
2858,46,46,46,28,58,9
2859,45,45,45,28,59,9
2860,47,47,47,28,60,9
2861,50,50,50,28,61,3
2862,51,51,51,28,62,3
2863,49,49,49,28,63,1
2864,45,45,45,28,64,9
2865,41,41,41,28,65,7
2866,45,45,45,28,66,9
2867,48,48,48,28,67,9
2868,33,33,33,28,68,1
2869,27,27,27,28,69,1
2870,65,65,65,28,70,3
2871,92,92,92,28,71,1
2872,46,46,46,28,72,9
2873,59,59,59,28,73,3
2874,111,111,111,28,74,1
2875,124,124,124,28,75,1
2876,128,128,128,28,76,1
2877,115,115,115,28,77,1
2878,104,104,104,28,78,1
2879,121,121,121,28,79,1
2880,60,60,60,28,80,3
2881,13,13,13,28,81,8
2882,6,6,6,28,82,2
2883,6,6,6,28,83,2
2884,6,6,6,28,84,2
2885,6,6,6,28,85,2
2886,5,5,5,28,86,2
2887,5,5,5,28,87,2
2888,1,1,1,28,88,2
2889,0,0,0,28,89,2
2890,0,0,0,28,90,2
2891,0,0,0,28,91,2
2892,0,0,0,28,92,2
2893,0,0,0,28,93,2
2894,0,0,0,28,94,2
2895,0,0,0,28,95,2
2896,0,0,0,28,96,2
2897,0,0,0,28,97,2
2898,0,0,0,28,98,2
2899,0,0,0,28,99,2
2900,0,0,0,29,0,2
2901,0,0,0,29,1,2
2902,0,0,0,29,2,2
2903,0,0,0,29,3,2
2904,0,0,0,29,4,2
2905,0,0,0,29,5,2
2906,0,0,0,29,6,2
2907,0,0,0,29,7,2
2908,0,0,0,29,8,2
2909,0,0,0,29,9,2
2910,0,0,0,29,10,2
2911,0,0,0,29,11,2
2912,3,3,3,29,12,2
2913,8,8,8,29,13,2
2914,38,38,38,29,14,6
2915,94,94,94,29,15,1
2916,125,125,125,29,16,1
2917,103,103,103,29,17,1
2918,96,96,96,29,18,1
2919,138,138,138,29,19,1
2920,139,139,139,29,20,1
2921,105,105,105,29,21,1
2922,106,106,106,29,22,1
2923,76,76,76,29,23,3
2924,76,76,76,29,24,3
2925,34,34,34,29,25,1
2926,60,60,60,29,26,3
2927,67,67,67,29,27,3
2928,73,73,73,29,28,3
2929,86,86,86,29,29,5
2930,120,120,120,29,30,1
2931,72,72,72,29,31,3
2932,49,49,49,29,32,1
2933,49,49,49,29,33,1
2934,47,47,47,29,34,9
2935,41,41,41,29,35,7
2936,88,88,88,29,36,1
2937,146,146,146,29,37,1
2938,119,119,119,29,38,1
2939,79,79,79,29,39,3
2940,14,14,14,29,40,8
2941,7,7,7,29,41,2
2942,8,8,8,29,42,2
2943,22,22,22,29,43,1
2944,52,52,52,29,44,3
2945,64,64,64,29,45,3
2946,55,55,55,29,46,3
2947,83,83,83,29,47,1
2948,68,68,68,29,48,3
2949,62,62,62,29,49,3
2950,46,46,46,29,50,9
2951,10,10,10,29,51,2
2952,7,7,7,29,52,2
2953,6,6,6,29,53,2
2954,57,57,57,29,54,3
2955,135,135,135,29,55,1
2956,85,85,85,29,56,5
2957,37,37,37,29,57,6
2958,51,51,51,29,58,3
2959,51,51,51,29,59,3
2960,51,51,51,29,60,3
2961,52,52,52,29,61,3
2962,53,53,53,29,62,3
2963,53,53,53,29,63,3
2964,51,51,51,29,64,3
2965,49,49,49,29,65,1
2966,49,49,49,29,66,1
2967,45,45,45,29,67,9
2968,35,35,35,29,68,6
2969,41,41,41,29,69,7
2970,31,31,31,29,70,4
2971,61,61,61,29,71,3
2972,73,73,73,29,72,3
2973,46,46,46,29,73,9
2974,108,108,108,29,74,1
2975,107,107,107,29,75,1
2976,127,127,127,29,76,1
2977,123,123,123,29,77,1
2978,90,90,90,29,78,1
2979,127,127,127,29,79,1
2980,77,77,77,29,80,3
2981,26,26,26,29,81,1
2982,5,5,5,29,82,2
2983,6,6,6,29,83,2
2984,6,6,6,29,84,2
2985,6,6,6,29,85,2
2986,7,7,7,29,86,2
2987,6,6,6,29,87,2
2988,1,1,1,29,88,2
2989,0,0,0,29,89,2
2990,0,0,0,29,90,2
2991,0,0,0,29,91,2
2992,0,0,0,29,92,2
2993,0,0,0,29,93,2
2994,0,0,0,29,94,2
2995,0,0,0,29,95,2
2996,0,0,0,29,96,2
2997,0,0,0,29,97,2
2998,0,0,0,29,98,2
2999,0,0,0,29,99,2
3000,0,0,0,30,0,2
3001,0,0,0,30,1,2
3002,0,0,0,30,2,2
3003,0,0,0,30,3,2
3004,0,0,0,30,4,2
3005,0,0,0,30,5,2
3006,0,0,0,30,6,2
3007,0,0,0,30,7,2
3008,0,0,0,30,8,2
3009,0,0,0,30,9,2
3010,0,0,0,30,10,2
3011,0,0,0,30,11,2
3012,3,3,3,30,12,2
3013,12,12,12,30,13,8
3014,45,45,45,30,14,9
3015,111,111,111,30,15,1
3016,112,112,112,30,16,1
3017,102,102,102,30,17,1
3018,114,114,114,30,18,1
3019,135,135,135,30,19,1
3020,131,131,131,30,20,1
3021,122,122,122,30,21,1
3022,127,127,127,30,22,1
3023,66,66,66,30,23,3
3024,42,42,42,30,24,11
3025,58,58,58,30,25,3
3026,82,82,82,30,26,3
3027,84,84,84,30,27,5
3028,76,76,76,30,28,3
3029,105,105,105,30,29,1
3030,53,53,53,30,30,3
3031,27,27,27,30,31,1
3032,37,37,37,30,32,6
3033,36,36,36,30,33,6
3034,33,33,33,30,34,1
3035,34,34,34,30,35,1
3036,29,29,29,30,36,4
3037,82,82,82,30,37,3
3038,146,146,146,30,38,1
3039,122,122,122,30,39,1
3040,55,55,55,30,40,3
3041,6,6,6,30,41,2
3042,7,7,7,30,42,2
3043,28,28,28,30,43,1
3044,61,61,61,30,44,3
3045,47,47,47,30,45,9
3046,45,45,45,30,46,9
3047,47,47,47,30,47,9
3048,66,66,66,30,48,3
3049,46,46,46,30,49,9
3050,75,75,75,30,50,3
3051,49,49,49,30,51,1
3052,16,16,16,30,52,10
3053,17,17,17,30,53,10
3054,63,63,63,30,54,3
3055,109,109,109,30,55,1
3056,61,61,61,30,56,3
3057,48,48,48,30,57,9
3058,53,53,53,30,58,3
3059,55,55,55,30,59,3
3060,50,50,50,30,60,3
3061,49,49,49,30,61,1
3062,52,52,52,30,62,3
3063,55,55,55,30,63,3
3064,57,57,57,30,64,3
3065,55,55,55,30,65,3
3066,52,52,52,30,66,3
3067,40,40,40,30,67,7
3068,38,38,38,30,68,6
3069,51,51,51,30,69,3
3070,50,50,50,30,70,3
3071,34,34,34,30,71,1
3072,53,53,53,30,72,3
3073,59,59,59,30,73,3
3074,69,69,69,30,74,3
3075,125,125,125,30,75,1
3076,104,104,104,30,76,1
3077,136,136,136,30,77,1
3078,96,96,96,30,78,1
3079,124,124,124,30,79,1
3080,82,82,82,30,80,3
3081,29,29,29,30,81,4
3082,4,4,4,30,82,2
3083,6,6,6,30,83,2
3084,6,6,6,30,84,2
3085,7,7,7,30,85,2
3086,6,6,6,30,86,2
3087,6,6,6,30,87,2
3088,1,1,1,30,88,2
3089,0,0,0,30,89,2
3090,0,0,0,30,90,2
3091,0,0,0,30,91,2
3092,0,0,0,30,92,2
3093,0,0,0,30,93,2
3094,0,0,0,30,94,2
3095,0,0,0,30,95,2
3096,0,0,0,30,96,2
3097,0,0,0,30,97,2
3098,0,0,0,30,98,2
3099,0,0,0,30,99,2
3100,0,0,0,31,0,2
3101,0,0,0,31,1,2
3102,0,0,0,31,2,2
3103,0,0,0,31,3,2
3104,0,0,0,31,4,2
3105,0,0,0,31,5,2
3106,0,0,0,31,6,2
3107,0,0,0,31,7,2
3108,0,0,0,31,8,2
3109,0,0,0,31,9,2
3110,0,0,0,31,10,2
3111,0,0,0,31,11,2
3112,3,3,3,31,12,2
3113,10,10,10,31,13,2
3114,39,39,39,31,14,7
3115,80,80,80,31,15,3
3116,120,120,120,31,16,1
3117,103,103,103,31,17,1
3118,116,116,116,31,18,1
3119,133,133,133,31,19,1
3120,130,130,130,31,20,1
3121,116,116,116,31,21,1
3122,142,142,142,31,22,1
3123,73,73,73,31,23,3
3124,31,31,31,31,24,4
3125,75,75,75,31,25,3
3126,80,80,80,31,26,3
3127,90,90,90,31,27,1
3128,99,99,99,31,28,1
3129,67,67,67,31,29,3
3130,30,30,30,31,30,4
3131,45,45,45,31,31,9
3132,48,48,48,31,32,9
3133,50,50,50,31,33,3
3134,51,51,51,31,34,3
3135,53,53,53,31,35,3
3136,43,43,43,31,36,11
3137,31,31,31,31,37,4
3138,108,108,108,31,38,1
3139,141,141,141,31,39,1
3140,89,89,89,31,40,1
3141,30,30,30,31,41,4
3142,35,35,35,31,42,6
3143,54,54,54,31,43,3
3144,44,44,44,31,44,11
3145,11,11,11,31,45,2
3146,7,7,7,31,46,2
3147,21,21,21,31,47,1
3148,10,10,10,31,48,2
3149,5,5,5,31,49,2
3150,48,48,48,31,50,9
3151,123,123,123,31,51,1
3152,109,109,109,31,52,1
3153,74,74,74,31,53,3
3154,84,84,84,31,54,5
3155,93,93,93,31,55,1
3156,67,67,67,31,56,3
3157,52,52,52,31,57,3
3158,55,55,55,31,58,3
3159,59,59,59,31,59,3
3160,54,54,54,31,60,3
3161,54,54,54,31,61,3
3162,56,56,56,31,62,3
3163,54,54,54,31,63,3
3164,57,57,57,31,64,3
3165,54,54,54,31,65,3
3166,51,51,51,31,66,3
3167,41,41,41,31,67,7
3168,45,45,45,31,68,9
3169,53,53,53,31,69,3
3170,48,48,48,31,70,9
3171,29,29,29,31,71,4
3172,27,27,27,31,72,1
3173,74,74,74,31,73,3
3174,59,59,59,31,74,3
3175,126,126,126,31,75,1
3176,85,85,85,31,76,5
3177,84,84,84,31,77,5
3178,116,116,116,31,78,1
3179,126,126,126,31,79,1
3180,93,93,93,31,80,1
3181,30,30,30,31,81,4
3182,5,5,5,31,82,2
3183,7,7,7,31,83,2
3184,8,8,8,31,84,2
3185,6,6,6,31,85,2
3186,6,6,6,31,86,2
3187,6,6,6,31,87,2
3188,1,1,1,31,88,2
3189,0,0,0,31,89,2
3190,0,0,0,31,90,2
3191,0,0,0,31,91,2
3192,0,0,0,31,92,2
3193,0,0,0,31,93,2
3194,0,0,0,31,94,2
3195,0,0,0,31,95,2
3196,0,0,0,31,96,2
3197,0,0,0,31,97,2
3198,0,0,0,31,98,2
3199,0,0,0,31,99,2
3200,0,0,0,32,0,2
3201,0,0,0,32,1,2
3202,0,0,0,32,2,2
3203,0,0,0,32,3,2
3204,0,0,0,32,4,2
3205,0,0,0,32,5,2
3206,0,0,0,32,6,2
3207,0,0,0,32,7,2
3208,0,0,0,32,8,2
3209,0,0,0,32,9,2
3210,0,0,0,32,10,2
3211,0,0,0,32,11,2
3212,4,4,4,32,12,2
3213,5,5,5,32,13,2
3214,24,24,24,32,14,1
3215,54,54,54,32,15,3
3216,105,105,105,32,16,1
3217,103,103,103,32,17,1
3218,117,117,117,32,18,1
3219,129,129,129,32,19,1
3220,133,133,133,32,20,1
3221,105,105,105,32,21,1
3222,137,137,137,32,22,1
3223,39,39,39,32,23,7
3224,37,37,37,32,24,6
3225,72,72,72,32,25,3
3226,76,76,76,32,26,3
3227,84,84,84,32,27,5
3228,63,63,63,32,28,3
3229,47,47,47,32,29,9
3230,45,45,45,32,30,9
3231,54,54,54,32,31,3
3232,52,52,52,32,32,3
3233,51,51,51,32,33,3
3234,57,57,57,32,34,3
3235,59,59,59,32,35,3
3236,57,57,57,32,36,3
3237,41,41,41,32,37,7
3238,45,45,45,32,38,9
3239,145,145,145,32,39,1
3240,106,106,106,32,40,1
3241,48,48,48,32,41,9
3242,24,24,24,32,42,1
3243,14,14,14,32,43,8
3244,6,6,6,32,44,2
3245,9,9,9,32,45,2
3246,10,10,10,32,46,2
3247,14,14,14,32,47,8
3248,8,8,8,32,48,2
3249,9,9,9,32,49,2
3250,6,6,6,32,50,2
3251,18,18,18,32,51,10
3252,70,70,70,32,52,3
3253,143,143,143,32,53,1
3254,112,112,112,32,54,1
3255,99,99,99,32,55,1
3256,75,75,75,32,56,3
3257,57,57,57,32,57,3
3258,57,57,57,32,58,3
3259,57,57,57,32,59,3
3260,60,60,60,32,60,3
3261,58,58,58,32,61,3
3262,57,57,57,32,62,3
3263,54,54,54,32,63,3
3264,57,57,57,32,64,3
3265,55,55,55,32,65,3
3266,53,53,53,32,66,3
3267,44,44,44,32,67,11
3268,44,44,44,32,68,11
3269,53,53,53,32,69,3
3270,51,51,51,32,70,3
3271,45,45,45,32,71,9
3272,29,29,29,32,72,4
3273,45,45,45,32,73,9
3274,57,57,57,32,74,3
3275,86,86,86,32,75,5
3276,117,117,117,32,76,1
3277,80,80,80,32,77,3
3278,112,112,112,32,78,1
3279,117,117,117,32,79,1
3280,115,115,115,32,80,1
3281,46,46,46,32,81,9
3282,6,6,6,32,82,2
3283,6,6,6,32,83,2
3284,9,9,9,32,84,2
3285,9,9,9,32,85,2
3286,6,6,6,32,86,2
3287,5,5,5,32,87,2
3288,1,1,1,32,88,2
3289,0,0,0,32,89,2
3290,0,0,0,32,90,2
3291,0,0,0,32,91,2
3292,0,0,0,32,92,2
3293,0,0,0,32,93,2
3294,0,0,0,32,94,2
3295,0,0,0,32,95,2
3296,0,0,0,32,96,2
3297,0,0,0,32,97,2
3298,0,0,0,32,98,2
3299,0,0,0,32,99,2
3300,0,0,0,33,0,2
3301,0,0,0,33,1,2
3302,0,0,0,33,2,2
3303,0,0,0,33,3,2
3304,0,0,0,33,4,2
3305,0,0,0,33,5,2
3306,0,0,0,33,6,2
3307,0,0,0,33,7,2
3308,0,0,0,33,8,2
3309,0,0,0,33,9,2
3310,0,0,0,33,10,2
3311,0,0,0,33,11,2
3312,4,4,4,33,12,2
3313,6,6,6,33,13,2
3314,6,6,6,33,14,2
3315,42,42,42,33,15,11
3316,94,94,94,33,16,1
3317,112,112,112,33,17,1
3318,114,114,114,33,18,1
3319,127,127,127,33,19,1
3320,141,141,141,33,20,1
3321,107,107,107,33,21,1
3322,111,111,111,33,22,1
3323,37,37,37,33,23,6
3324,54,54,54,33,24,3
3325,72,72,72,33,25,3
3326,75,75,75,33,26,3
3327,44,44,44,33,27,11
3328,63,63,63,33,28,3
3329,50,50,50,33,29,3
3330,51,51,51,33,30,3
3331,54,54,54,33,31,3
3332,58,58,58,33,32,3
3333,52,52,52,33,33,3
3334,52,52,52,33,34,3
3335,59,59,59,33,35,3
3336,55,55,55,33,36,3
3337,48,48,48,33,37,9
3338,36,36,36,33,38,6
3339,82,82,82,33,39,3
3340,87,87,87,33,40,5
3341,45,45,45,33,41,9
3342,5,5,5,33,42,2
3343,6,6,6,33,43,2
3344,7,7,7,33,44,2
3345,8,8,8,33,45,2
3346,9,9,9,33,46,2
3347,12,12,12,33,47,8
3348,7,7,7,33,48,2
3349,8,8,8,33,49,2
3350,8,8,8,33,50,2
3351,4,4,4,33,51,2
3352,18,18,18,33,52,10
3353,73,73,73,33,53,3
3354,85,85,85,33,54,5
3355,87,87,87,33,55,5
3356,68,68,68,33,56,3
3357,52,52,52,33,57,3
3358,52,52,52,33,58,3
3359,58,58,58,33,59,3
3360,60,60,60,33,60,3
3361,61,61,61,33,61,3
3362,64,64,64,33,62,3
3363,61,61,61,33,63,3
3364,56,56,56,33,64,3
3365,54,54,54,33,65,3
3366,53,53,53,33,66,3
3367,48,48,48,33,67,9
3368,48,48,48,33,68,9
3369,52,52,52,33,69,3
3370,52,52,52,33,70,3
3371,53,53,53,33,71,3
3372,42,42,42,33,72,11
3373,24,24,24,33,73,1
3374,56,56,56,33,74,3
3375,54,54,54,33,75,3
3376,125,125,125,33,76,1
3377,134,134,134,33,77,1
3378,112,112,112,33,78,1
3379,106,106,106,33,79,1
3380,127,127,127,33,80,1
3381,72,72,72,33,81,3
3382,15,15,15,33,82,10
3383,6,6,6,33,83,2
3384,8,8,8,33,84,2
3385,8,8,8,33,85,2
3386,8,8,8,33,86,2
3387,6,6,6,33,87,2
3388,2,2,2,33,88,2
3389,0,0,0,33,89,2
3390,0,0,0,33,90,2
3391,0,0,0,33,91,2
3392,0,0,0,33,92,2
3393,0,0,0,33,93,2
3394,0,0,0,33,94,2
3395,0,0,0,33,95,2
3396,0,0,0,33,96,2
3397,0,0,0,33,97,2
3398,0,0,0,33,98,2
3399,0,0,0,33,99,2
3400,0,0,0,34,0,2
3401,0,0,0,34,1,2
3402,0,0,0,34,2,2
3403,0,0,0,34,3,2
3404,0,0,0,34,4,2
3405,0,0,0,34,5,2
3406,0,0,0,34,6,2
3407,0,0,0,34,7,2
3408,0,0,0,34,8,2
3409,0,0,0,34,9,2
3410,0,0,0,34,10,2
3411,0,0,0,34,11,2
3412,5,5,5,34,12,2
3413,6,6,6,34,13,2
3414,5,5,5,34,14,2
3415,29,29,29,34,15,4
3416,81,81,81,34,16,3
3417,121,121,121,34,17,1
3418,111,111,111,34,18,1
3419,124,124,124,34,19,1
3420,137,137,137,34,20,1
3421,117,117,117,34,21,1
3422,95,95,95,34,22,1
3423,45,45,45,34,23,9
3424,65,65,65,34,24,3
3425,80,80,80,34,25,3
3426,54,54,54,34,26,3
3427,44,44,44,34,27,11
3428,36,36,36,34,28,6
3429,41,41,41,34,29,7
3430,54,54,54,34,30,3
3431,61,61,61,34,31,3
3432,58,58,58,34,32,3
3433,54,54,54,34,33,3
3434,58,58,58,34,34,3
3435,56,56,56,34,35,3
3436,48,48,48,34,36,9
3437,41,41,41,34,37,7
3438,22,22,22,34,38,1
3439,54,54,54,34,39,3
3440,93,93,93,34,40,1
3441,47,47,47,34,41,9
3442,18,18,18,34,42,10
3443,10,10,10,34,43,2
3444,8,8,8,34,44,2
3445,9,9,9,34,45,2
3446,9,9,9,34,46,2
3447,11,11,11,34,47,2
3448,9,9,9,34,48,2
3449,9,9,9,34,49,2
3450,10,10,10,34,50,2
3451,10,10,10,34,51,2
3452,30,30,30,34,52,4
3453,49,49,49,34,53,1
3454,44,44,44,34,54,11
3455,80,80,80,34,55,3
3456,61,61,61,34,56,3
3457,51,51,51,34,57,3
3458,57,57,57,34,58,3
3459,61,61,61,34,59,3
3460,62,62,62,34,60,3
3461,54,54,54,34,61,3
3462,61,61,61,34,62,3
3463,65,65,65,34,63,3
3464,63,63,63,34,64,3
3465,58,58,58,34,65,3
3466,56,56,56,34,66,3
3467,57,57,57,34,67,3
3468,51,51,51,34,68,3
3469,52,52,52,34,69,3
3470,49,49,49,34,70,1
3471,50,50,50,34,71,3
3472,46,46,46,34,72,9
3473,26,26,26,34,73,1
3474,35,35,35,34,74,6
3475,62,62,62,34,75,3
3476,80,80,80,34,76,3
3477,145,145,145,34,77,1
3478,110,110,110,34,78,1
3479,61,61,61,34,79,3
3480,167,167,167,34,80,1
3481,112,112,112,34,81,1
3482,25,25,25,34,82,1
3483,4,4,4,34,83,2
3484,6,6,6,34,84,2
3485,7,7,7,34,85,2
3486,7,7,7,34,86,2
3487,7,7,7,34,87,2
3488,2,2,2,34,88,2
3489,0,0,0,34,89,2
3490,0,0,0,34,90,2
3491,0,0,0,34,91,2
3492,0,0,0,34,92,2
3493,0,0,0,34,93,2
3494,0,0,0,34,94,2
3495,0,0,0,34,95,2
3496,0,0,0,34,96,2
3497,0,0,0,34,97,2
3498,0,0,0,34,98,2
3499,0,0,0,34,99,2
3500,0,0,0,35,0,2
3501,0,0,0,35,1,2
3502,0,0,0,35,2,2
3503,0,0,0,35,3,2
3504,0,0,0,35,4,2
3505,0,0,0,35,5,2
3506,0,0,0,35,6,2
3507,0,0,0,35,7,2
3508,0,0,0,35,8,2
3509,0,0,0,35,9,2
3510,0,0,0,35,10,2
3511,0,0,0,35,11,2
3512,5,5,5,35,12,2
3513,6,6,6,35,13,2
3514,5,5,5,35,14,2
3515,25,25,25,35,15,1
3516,83,83,83,35,16,1
3517,126,126,126,35,17,1
3518,106,106,106,35,18,1
3519,130,130,130,35,19,1
3520,136,136,136,35,20,1
3521,126,126,126,35,21,1
3522,91,91,91,35,22,1
3523,44,44,44,35,23,11
3524,90,90,90,35,24,1
3525,80,80,80,35,25,3
3526,34,34,34,35,26,1
3527,43,43,43,35,27,11
3528,49,49,49,35,28,1
3529,54,54,54,35,29,3
3530,55,55,55,35,30,3
3531,58,58,58,35,31,3
3532,56,56,56,35,32,3
3533,48,48,48,35,33,9
3534,46,46,46,35,34,9
3535,62,62,62,35,35,3
3536,63,63,63,35,36,3
3537,57,57,57,35,37,3
3538,34,34,34,35,38,1
3539,35,35,35,35,39,6
3540,94,94,94,35,40,1
3541,102,102,102,35,41,1
3542,73,73,73,35,42,3
3543,38,38,38,35,43,6
3544,7,7,7,35,44,2
3545,11,11,11,35,45,2
3546,12,12,12,35,46,8
3547,17,17,17,35,47,10
3548,10,10,10,35,48,2
3549,7,7,7,35,49,2
3550,10,10,10,35,50,2
3551,15,15,15,35,51,10
3552,27,27,27,35,52,1
3553,24,24,24,35,53,1
3554,36,36,36,35,54,6
3555,87,87,87,35,55,5
3556,69,69,69,35,56,3
3557,48,48,48,35,57,9
3558,57,57,57,35,58,3
3559,66,66,66,35,59,3
3560,63,63,63,35,60,3
3561,54,54,54,35,61,3
3562,55,55,55,35,62,3
3563,60,60,60,35,63,3
3564,64,64,64,35,64,3
3565,64,64,64,35,65,3
3566,65,65,65,35,66,3
3567,63,63,63,35,67,3
3568,56,56,56,35,68,3
3569,54,54,54,35,69,3
3570,53,53,53,35,70,3
3571,51,51,51,35,71,3
3572,51,51,51,35,72,3
3573,34,34,34,35,73,1
3574,19,19,19,35,74,1
3575,63,63,63,35,75,3
3576,60,60,60,35,76,3
3577,141,141,141,35,77,1
3578,132,132,132,35,78,1
3579,46,46,46,35,79,9
3580,120,120,120,35,80,1
3581,143,143,143,35,81,1
3582,50,50,50,35,82,3
3583,7,7,7,35,83,2
3584,7,7,7,35,84,2
3585,7,7,7,35,85,2
3586,8,8,8,35,86,2
3587,7,7,7,35,87,2
3588,2,2,2,35,88,2
3589,0,0,0,35,89,2
3590,0,0,0,35,90,2
3591,0,0,0,35,91,2
3592,0,0,0,35,92,2
3593,0,0,0,35,93,2
3594,0,0,0,35,94,2
3595,0,0,0,35,95,2
3596,0,0,0,35,96,2
3597,0,0,0,35,97,2
3598,0,0,0,35,98,2
3599,0,0,0,35,99,2
3600,0,0,0,36,0,2
3601,0,0,0,36,1,2
3602,0,0,0,36,2,2
3603,0,0,0,36,3,2
3604,0,0,0,36,4,2
3605,0,0,0,36,5,2
3606,0,0,0,36,6,2
3607,0,0,0,36,7,2
3608,0,0,0,36,8,2
3609,0,0,0,36,9,2
3610,0,0,0,36,10,2
3611,0,0,0,36,11,2
3612,6,6,6,36,12,2
3613,6,6,6,36,13,2
3614,5,5,5,36,14,2
3615,21,21,21,36,15,1
3616,70,70,70,36,16,3
3617,116,116,116,36,17,1
3618,105,105,105,36,18,1
3619,126,126,126,36,19,1
3620,137,137,137,36,20,1
3621,130,130,130,36,21,1
3622,59,59,59,36,22,3
3623,43,43,43,36,23,11
3624,81,81,81,36,24,3
3625,55,55,55,36,25,3
3626,44,44,44,36,26,11
3627,52,52,52,36,27,3
3628,57,57,57,36,28,3
3629,61,61,61,36,29,3
3630,58,58,58,36,30,3
3631,58,58,58,36,31,3
3632,57,57,57,36,32,3
3633,50,50,50,36,33,3
3634,51,51,51,36,34,3
3635,65,65,65,36,35,3
3636,63,63,63,36,36,3
3637,56,56,56,36,37,3
3638,39,39,39,36,38,7
3639,35,35,35,36,39,6
3640,71,71,71,36,40,3
3641,77,77,77,36,41,3
3642,46,46,46,36,42,9
3643,66,66,66,36,43,3
3644,34,34,34,36,44,1
3645,10,10,10,36,45,2
3646,11,11,11,36,46,2
3647,20,20,20,36,47,1
3648,9,9,9,36,48,2
3649,9,9,9,36,49,2
3650,10,10,10,36,50,2
3651,28,28,28,36,51,1
3652,34,34,34,36,52,1
3653,36,36,36,36,53,6
3654,81,81,81,36,54,3
3655,132,132,132,36,55,1
3656,95,95,95,36,56,1
3657,50,50,50,36,57,3
3658,52,52,52,36,58,3
3659,63,63,63,36,59,3
3660,62,62,62,36,60,3
3661,56,56,56,36,61,3
3662,52,52,52,36,62,3
3663,51,51,51,36,63,3
3664,61,61,61,36,64,3
3665,71,71,71,36,65,3
3666,74,74,74,36,66,3
3667,69,69,69,36,67,3
3668,59,59,59,36,68,3
3669,56,56,56,36,69,3
3670,54,54,54,36,70,3
3671,53,53,53,36,71,3
3672,53,53,53,36,72,3
3673,39,39,39,36,73,7
3674,25,25,25,36,74,1
3675,52,52,52,36,75,3
3676,65,65,65,36,76,3
3677,101,101,101,36,77,1
3678,133,133,133,36,78,1
3679,131,131,131,36,79,1
3680,131,131,131,36,80,1
3681,156,156,156,36,81,1
3682,72,72,72,36,82,3
3683,11,11,11,36,83,2
3684,8,8,8,36,84,2
3685,10,10,10,36,85,2
3686,8,8,8,36,86,2
3687,7,7,7,36,87,2
3688,3,3,3,36,88,2
3689,0,0,0,36,89,2
3690,0,0,0,36,90,2
3691,0,0,0,36,91,2
3692,0,0,0,36,92,2
3693,0,0,0,36,93,2
3694,0,0,0,36,94,2
3695,0,0,0,36,95,2
3696,0,0,0,36,96,2
3697,0,0,0,36,97,2
3698,0,0,0,36,98,2
3699,0,0,0,36,99,2
3700,0,0,0,37,0,2
3701,0,0,0,37,1,2
3702,0,0,0,37,2,2
3703,0,0,0,37,3,2
3704,0,0,0,37,4,2
3705,0,0,0,37,5,2
3706,0,0,0,37,6,2
3707,0,0,0,37,7,2
3708,0,0,0,37,8,2
3709,0,0,0,37,9,2
3710,0,0,0,37,10,2
3711,1,1,1,37,11,2
3712,5,5,5,37,12,2
3713,6,6,6,37,13,2
3714,5,5,5,37,14,2
3715,7,7,7,37,15,2
3716,41,41,41,37,16,7
3717,99,99,99,37,17,1
3718,105,105,105,37,18,1
3719,114,114,114,37,19,1
3720,144,144,144,37,20,1
3721,131,131,131,37,21,1
3722,49,49,49,37,22,1
3723,51,51,51,37,23,3
3724,71,71,71,37,24,3
3725,36,36,36,37,25,6
3726,51,51,51,37,26,3
3727,55,55,55,37,27,3
3728,55,55,55,37,28,3
3729,54,54,54,37,29,3
3730,54,54,54,37,30,3
3731,52,52,52,37,31,3
3732,56,56,56,37,32,3
3733,59,59,59,37,33,3
3734,58,58,58,37,34,3
3735,59,59,59,37,35,3
3736,50,50,50,37,36,3
3737,53,53,53,37,37,3
3738,50,50,50,37,38,3
3739,36,36,36,37,39,6
3740,43,43,43,37,40,11
3741,61,61,61,37,41,3
3742,29,29,29,37,42,4
3743,33,33,33,37,43,1
3744,39,39,39,37,44,7
3745,20,20,20,37,45,1
3746,15,15,15,37,46,10
3747,21,21,21,37,47,1
3748,14,14,14,37,48,8
3749,13,13,13,37,49,8
3750,14,14,14,37,50,8
3751,37,37,37,37,51,6
3752,63,63,63,37,52,3
3753,92,92,92,37,53,1
3754,123,123,123,37,54,1
3755,145,145,145,37,55,1
3756,123,123,123,37,56,1
3757,68,68,68,37,57,3
3758,55,55,55,37,58,3
3759,61,61,61,37,59,3
3760,63,63,63,37,60,3
3761,63,63,63,37,61,3
3762,54,54,54,37,62,3
3763,55,55,55,37,63,3
3764,64,64,64,37,64,3
3765,69,69,69,37,65,3
3766,72,72,72,37,66,3
3767,69,69,69,37,67,3
3768,64,64,64,37,68,3
3769,63,63,63,37,69,3
3770,60,60,60,37,70,3
3771,56,56,56,37,71,3
3772,55,55,55,37,72,3
3773,60,60,60,37,73,3
3774,45,45,45,37,74,9
3775,26,26,26,37,75,1
3776,71,71,71,37,76,3
3777,71,71,71,37,77,3
3778,148,148,148,37,78,1
3779,129,129,129,37,79,1
3780,102,102,102,37,80,1
3781,160,160,160,37,81,1
3782,115,115,115,37,82,1
3783,27,27,27,37,83,1
3784,7,7,7,37,84,2
3785,8,8,8,37,85,2
3786,6,6,6,37,86,2
3787,8,8,8,37,87,2
3788,3,3,3,37,88,2
3789,0,0,0,37,89,2
3790,0,0,0,37,90,2
3791,0,0,0,37,91,2
3792,0,0,0,37,92,2
3793,0,0,0,37,93,2
3794,0,0,0,37,94,2
3795,0,0,0,37,95,2
3796,0,0,0,37,96,2
3797,0,0,0,37,97,2
3798,0,0,0,37,98,2
3799,0,0,0,37,99,2
3800,0,0,0,38,0,2
3801,0,0,0,38,1,2
3802,0,0,0,38,2,2
3803,0,0,0,38,3,2
3804,0,0,0,38,4,2
3805,0,0,0,38,5,2
3806,0,0,0,38,6,2
3807,0,0,0,38,7,2
3808,0,0,0,38,8,2
3809,0,0,0,38,9,2
3810,0,0,0,38,10,2
3811,1,1,1,38,11,2
3812,6,6,6,38,12,2
3813,6,6,6,38,13,2
3814,6,6,6,38,14,2
3815,5,5,5,38,15,2
3816,19,19,19,38,16,1
3817,85,85,85,38,17,5
3818,112,112,112,38,18,1
3819,103,103,103,38,19,1
3820,150,150,150,38,20,1
3821,132,132,132,38,21,1
3822,48,48,48,38,22,9
3823,64,64,64,38,23,3
3824,51,51,51,38,24,3
3825,35,35,35,38,25,6
3826,54,54,54,38,26,3
3827,52,52,52,38,27,3
3828,47,47,47,38,28,9
3829,44,44,44,38,29,11
3830,46,46,46,38,30,9
3831,50,50,50,38,31,3
3832,59,59,59,38,32,3
3833,65,65,65,38,33,3
3834,65,65,65,38,34,3
3835,60,60,60,38,35,3
3836,56,56,56,38,36,3
3837,62,62,62,38,37,3
3838,70,70,70,38,38,3
3839,65,65,65,38,39,3
3840,39,39,39,38,40,7
3841,82,82,82,38,41,3
3842,58,58,58,38,42,3
3843,15,15,15,38,43,10
3844,8,8,8,38,44,2
3845,20,20,20,38,45,1
3846,22,22,22,38,46,1
3847,15,15,15,38,47,10
3848,12,12,12,38,48,8
3849,11,11,11,38,49,2
3850,12,12,12,38,50,8
3851,39,39,39,38,51,7
3852,84,84,84,38,52,5
3853,79,79,79,38,53,3
3854,33,33,33,38,54,1
3855,94,94,94,38,55,1
3856,134,134,134,38,56,1
3857,105,105,105,38,57,1
3858,61,61,61,38,58,3
3859,56,56,56,38,59,3
3860,62,62,62,38,60,3
3861,59,59,59,38,61,3
3862,55,55,55,38,62,3
3863,61,61,61,38,63,3
3864,65,65,65,38,64,3
3865,64,64,64,38,65,3
3866,65,65,65,38,66,3
3867,67,67,67,38,67,3
3868,67,67,67,38,68,3
3869,66,66,66,38,69,3
3870,65,65,65,38,70,3
3871,63,63,63,38,71,3
3872,57,57,57,38,72,3
3873,59,59,59,38,73,3
3874,62,62,62,38,74,3
3875,31,31,31,38,75,4
3876,51,51,51,38,76,3
3877,73,73,73,38,77,3
3878,115,115,115,38,78,1
3879,125,125,125,38,79,1
3880,77,77,77,38,80,3
3881,167,167,167,38,81,1
3882,136,136,136,38,82,1
3883,44,44,44,38,83,11
3884,6,6,6,38,84,2
3885,7,7,7,38,85,2
3886,6,6,6,38,86,2
3887,9,9,9,38,87,2
3888,3,3,3,38,88,2
3889,0,0,0,38,89,2
3890,0,0,0,38,90,2
3891,0,0,0,38,91,2
3892,0,0,0,38,92,2
3893,0,0,0,38,93,2
3894,0,0,0,38,94,2
3895,0,0,0,38,95,2
3896,0,0,0,38,96,2
3897,0,0,0,38,97,2
3898,0,0,0,38,98,2
3899,0,0,0,38,99,2
3900,0,0,0,39,0,2
3901,0,0,0,39,1,2
3902,0,0,0,39,2,2
3903,0,0,0,39,3,2
3904,0,0,0,39,4,2
3905,0,0,0,39,5,2
3906,0,0,0,39,6,2
3907,0,0,0,39,7,2
3908,0,0,0,39,8,2
3909,0,0,0,39,9,2
3910,0,0,0,39,10,2
3911,1,1,1,39,11,2
3912,5,5,5,39,12,2
3913,5,5,5,39,13,2
3914,6,6,6,39,14,2
3915,5,5,5,39,15,2
3916,16,16,16,39,16,10
3917,79,79,79,39,17,3
3918,120,120,120,39,18,1
3919,112,112,112,39,19,1
3920,153,153,153,39,20,1
3921,120,120,120,39,21,1
3922,57,57,57,39,22,3
3923,79,79,79,39,23,3
3924,41,41,41,39,24,7
3925,43,43,43,39,25,11
3926,53,53,53,39,26,3
3927,49,49,49,39,27,1
3928,48,48,48,39,28,9
3929,49,49,49,39,29,1
3930,57,57,57,39,30,3
3931,62,62,62,39,31,3
3932,68,68,68,39,32,3
3933,71,71,71,39,33,3
3934,68,68,68,39,34,3
3935,74,74,74,39,35,3
3936,67,67,67,39,36,3
3937,64,64,64,39,37,3
3938,68,68,68,39,38,3
3939,68,68,68,39,39,3
3940,56,56,56,39,40,3
3941,89,89,89,39,41,1
3942,174,174,174,39,42,1
3943,108,108,108,39,43,1
3944,46,46,46,39,44,9
3945,31,31,31,39,45,4
3946,40,40,40,39,46,7
3947,12,12,12,39,47,8
3948,10,10,10,39,48,2
3949,8,8,8,39,49,2
3950,8,8,8,39,50,2
3951,28,28,28,39,51,1
3952,72,72,72,39,52,3
3953,52,52,52,39,53,3
3954,10,10,10,39,54,2
3955,77,77,77,39,55,3
3956,134,134,134,39,56,1
3957,140,140,140,39,57,1
3958,104,104,104,39,58,1
3959,63,63,63,39,59,3
3960,58,58,58,39,60,3
3961,55,55,55,39,61,3
3962,57,57,57,39,62,3
3963,63,63,63,39,63,3
3964,63,63,63,39,64,3
3965,61,61,61,39,65,3
3966,60,60,60,39,66,3
3967,62,62,62,39,67,3
3968,67,67,67,39,68,3
3969,67,67,67,39,69,3
3970,67,67,67,39,70,3
3971,64,64,64,39,71,3
3972,61,61,61,39,72,3
3973,57,57,57,39,73,3
3974,54,54,54,39,74,3
3975,44,44,44,39,75,11
3976,31,31,31,39,76,4
3977,67,67,67,39,77,3
3978,99,99,99,39,78,1
3979,133,133,133,39,79,1
3980,76,76,76,39,80,3
3981,148,148,148,39,81,1
3982,138,138,138,39,82,1
3983,57,57,57,39,83,3
3984,8,8,8,39,84,2
3985,7,7,7,39,85,2
3986,6,6,6,39,86,2
3987,7,7,7,39,87,2
3988,3,3,3,39,88,2
3989,0,0,0,39,89,2
3990,0,0,0,39,90,2
3991,0,0,0,39,91,2
3992,0,0,0,39,92,2
3993,0,0,0,39,93,2
3994,0,0,0,39,94,2
3995,0,0,0,39,95,2
3996,0,0,0,39,96,2
3997,0,0,0,39,97,2
3998,0,0,0,39,98,2
3999,0,0,0,39,99,2
4000,0,0,0,40,0,2
4001,0,0,0,40,1,2
4002,0,0,0,40,2,2
4003,0,0,0,40,3,2
4004,0,0,0,40,4,2
4005,0,0,0,40,5,2
4006,0,0,0,40,6,2
4007,0,0,0,40,7,2
4008,0,0,0,40,8,2
4009,0,0,0,40,9,2
4010,0,0,0,40,10,2
4011,1,1,1,40,11,2
4012,6,6,6,40,12,2
4013,6,6,6,40,13,2
4014,6,6,6,40,14,2
4015,5,5,5,40,15,2
4016,14,14,14,40,16,8
4017,78,78,78,40,17,3
4018,139,139,139,40,18,1
4019,118,118,118,40,19,1
4020,153,153,153,40,20,1
4021,102,102,102,40,21,1
4022,52,52,52,40,22,3
4023,83,83,83,40,23,1
4024,39,39,39,40,24,7
4025,46,46,46,40,25,9
4026,49,49,49,40,26,1
4027,47,47,47,40,27,9
4028,48,48,48,40,28,9
4029,59,59,59,40,29,3
4030,62,62,62,40,30,3
4031,65,65,65,40,31,3
4032,73,73,73,40,32,3
4033,67,67,67,40,33,3
4034,65,65,65,40,34,3
4035,76,76,76,40,35,3
4036,83,83,83,40,36,1
4037,71,71,71,40,37,3
4038,65,65,65,40,38,3
4039,61,61,61,40,39,3
4040,60,60,60,40,40,3
4041,69,69,69,40,41,3
4042,143,143,143,40,42,1
4043,160,160,160,40,43,1
4044,142,142,142,40,44,1
4045,89,89,89,40,45,1
4046,53,53,53,40,46,3
4047,11,11,11,40,47,2
4048,10,10,10,40,48,2
4049,8,8,8,40,49,2
4050,8,8,8,40,50,2
4051,38,38,38,40,51,6
4052,82,82,82,40,52,3
4053,77,77,77,40,53,3
4054,79,79,79,40,54,3
4055,115,115,115,40,55,1
4056,130,130,130,40,56,1
4057,137,137,137,40,57,1
4058,141,141,141,40,58,1
4059,97,97,97,40,59,1
4060,61,61,61,40,60,3
4061,60,60,60,40,61,3
4062,62,62,62,40,62,3
4063,61,61,61,40,63,3
4064,64,64,64,40,64,3
4065,66,66,66,40,65,3
4066,61,61,61,40,66,3
4067,55,55,55,40,67,3
4068,60,60,60,40,68,3
4069,70,70,70,40,69,3
4070,65,65,65,40,70,3
4071,58,58,58,40,71,3
4072,59,59,59,40,72,3
4073,55,55,55,40,73,3
4074,48,48,48,40,74,9
4075,72,72,72,40,75,3
4076,34,34,34,40,76,1
4077,32,32,32,40,77,1
4078,85,85,85,40,78,5
4079,128,128,128,40,79,1
4080,89,89,89,40,80,1
4081,132,132,132,40,81,1
4082,107,107,107,40,82,1
4083,73,73,73,40,83,3
4084,13,13,13,40,84,8
4085,7,7,7,40,85,2
4086,7,7,7,40,86,2
4087,7,7,7,40,87,2
4088,4,4,4,40,88,2
4089,0,0,0,40,89,2
4090,0,0,0,40,90,2
4091,0,0,0,40,91,2
4092,0,0,0,40,92,2
4093,0,0,0,40,93,2
4094,0,0,0,40,94,2
4095,0,0,0,40,95,2
4096,0,0,0,40,96,2
4097,0,0,0,40,97,2
4098,0,0,0,40,98,2
4099,0,0,0,40,99,2
4100,0,0,0,41,0,2
4101,0,0,0,41,1,2
4102,0,0,0,41,2,2
4103,0,0,0,41,3,2
4104,0,0,0,41,4,2
4105,0,0,0,41,5,2
4106,0,0,0,41,6,2
4107,0,0,0,41,7,2
4108,0,0,0,41,8,2
4109,0,0,0,41,9,2
4110,0,0,0,41,10,2
4111,1,1,1,41,11,2
4112,7,7,7,41,12,2
4113,7,7,7,41,13,2
4114,6,6,6,41,14,2
4115,5,5,5,41,15,2
4116,12,12,12,41,16,8
4117,84,84,84,41,17,5
4118,117,117,117,41,18,1
4119,98,98,98,41,19,1
4120,154,154,154,41,20,1
4121,79,79,79,41,21,3
4122,54,54,54,41,22,3
4123,62,62,62,41,23,3
4124,35,35,35,41,24,6
4125,45,45,45,41,25,9
4126,48,48,48,41,26,9
4127,47,47,47,41,27,9
4128,46,46,46,41,28,9
4129,57,57,57,41,29,3
4130,66,66,66,41,30,3
4131,73,73,73,41,31,3
4132,76,76,76,41,32,3
4133,64,64,64,41,33,3
4134,60,60,60,41,34,3
4135,66,66,66,41,35,3
4136,75,75,75,41,36,3
4137,74,74,74,41,37,3
4138,70,70,70,41,38,3
4139,65,65,65,41,39,3
4140,58,58,58,41,40,3
4141,67,67,67,41,41,3
4142,62,62,62,41,42,3
4143,37,37,37,41,43,6
4144,110,110,110,41,44,1
4145,120,120,120,41,45,1
4146,47,47,47,41,46,9
4147,0,0,0,41,47,2
4148,5,5,5,41,48,2
4149,9,9,9,41,49,2
4150,35,35,35,41,50,6
4151,99,99,99,41,51,1
4152,109,109,109,41,52,1
4153,99,99,99,41,53,1
4154,119,119,119,41,54,1
4155,124,124,124,41,55,1
4156,129,129,129,41,56,1
4157,126,126,126,41,57,1
4158,125,125,125,41,58,1
4159,126,126,126,41,59,1
4160,75,75,75,41,60,3
4161,59,59,59,41,61,3
4162,54,54,54,41,62,3
4163,57,57,57,41,63,3
4164,64,64,64,41,64,3
4165,69,69,69,41,65,3
4166,61,61,61,41,66,3
4167,54,54,54,41,67,3
4168,57,57,57,41,68,3
4169,70,70,70,41,69,3
4170,70,70,70,41,70,3
4171,61,61,61,41,71,3
4172,57,57,57,41,72,3
4173,44,44,44,41,73,11
4174,58,58,58,41,74,3
4175,73,73,73,41,75,3
4176,43,43,43,41,76,11
4177,19,19,19,41,77,1
4178,67,67,67,41,78,3
4179,117,117,117,41,79,1
4180,104,104,104,41,80,1
4181,127,127,127,41,81,1
4182,92,92,92,41,82,1
4183,99,99,99,41,83,1
4184,38,38,38,41,84,6
4185,6,6,6,41,85,2
4186,7,7,7,41,86,2
4187,7,7,7,41,87,2
4188,4,4,4,41,88,2
4189,0,0,0,41,89,2
4190,0,0,0,41,90,2
4191,0,0,0,41,91,2
4192,0,0,0,41,92,2
4193,0,0,0,41,93,2
4194,0,0,0,41,94,2
4195,0,0,0,41,95,2
4196,0,0,0,41,96,2
4197,0,0,0,41,97,2
4198,0,0,0,41,98,2
4199,0,0,0,41,99,2
4200,0,0,0,42,0,2
4201,0,0,0,42,1,2
4202,0,0,0,42,2,2
4203,0,0,0,42,3,2
4204,0,0,0,42,4,2
4205,0,0,0,42,5,2
4206,0,0,0,42,6,2
4207,0,0,0,42,7,2
4208,0,0,0,42,8,2
4209,0,0,0,42,9,2
4210,0,0,0,42,10,2
4211,1,1,1,42,11,2
4212,5,5,5,42,12,2
4213,7,7,7,42,13,2
4214,8,8,8,42,14,2
4215,6,6,6,42,15,2
4216,12,12,12,42,16,8
4217,89,89,89,42,17,1
4218,95,95,95,42,18,1
4219,80,80,80,42,19,3
4220,143,143,143,42,20,1
4221,84,84,84,42,21,5
4222,59,59,59,42,22,3
4223,37,37,37,42,23,6
4224,34,34,34,42,24,1
4225,39,39,39,42,25,7
4226,50,50,50,42,26,3
4227,54,54,54,42,27,3
4228,54,54,54,42,28,3
4229,62,62,62,42,29,3
4230,72,72,72,42,30,3
4231,79,79,79,42,31,3
4232,77,77,77,42,32,3
4233,66,66,66,42,33,3
4234,58,58,58,42,34,3
4235,62,62,62,42,35,3
4236,70,70,70,42,36,3
4237,59,59,59,42,37,3
4238,57,57,57,42,38,3
4239,67,67,67,42,39,3
4240,66,66,66,42,40,3
4241,75,75,75,42,41,3
4242,59,59,59,42,42,3
4243,11,11,11,42,43,2
4244,38,38,38,42,44,6
4245,109,109,109,42,45,1
4246,87,87,87,42,46,5
4247,64,64,64,42,47,3
4248,87,87,87,42,48,5
4249,94,94,94,42,49,1
4250,93,93,93,42,50,1
4251,112,112,112,42,51,1
4252,117,117,117,42,52,1
4253,110,110,110,42,53,1
4254,118,118,118,42,54,1
4255,117,117,117,42,55,1
4256,125,125,125,42,56,1
4257,129,129,129,42,57,1
4258,113,113,113,42,58,1
4259,123,123,123,42,59,1
4260,100,100,100,42,60,1
4261,65,65,65,42,61,3
4262,57,57,57,42,62,3
4263,55,55,55,42,63,3
4264,61,61,61,42,64,3
4265,71,71,71,42,65,3
4266,68,68,68,42,66,3
4267,60,60,60,42,67,3
4268,60,60,60,42,68,3
4269,71,71,71,42,69,3
4270,70,70,70,42,70,3
4271,66,66,66,42,71,3
4272,60,60,60,42,72,3
4273,54,54,54,42,73,3
4274,56,56,56,42,74,3
4275,57,57,57,42,75,3
4276,39,39,39,42,76,7
4277,27,27,27,42,77,1
4278,47,47,47,42,78,9
4279,91,91,91,42,79,1
4280,104,104,104,42,80,1
4281,123,123,123,42,81,1
4282,84,84,84,42,82,5
4283,117,117,117,42,83,1
4284,69,69,69,42,84,3
4285,7,7,7,42,85,2
4286,7,7,7,42,86,2
4287,7,7,7,42,87,2
4288,3,3,3,42,88,2
4289,0,0,0,42,89,2
4290,0,0,0,42,90,2
4291,0,0,0,42,91,2
4292,0,0,0,42,92,2
4293,0,0,0,42,93,2
4294,0,0,0,42,94,2
4295,0,0,0,42,95,2
4296,0,0,0,42,96,2
4297,0,0,0,42,97,2
4298,0,0,0,42,98,2
4299,0,0,0,42,99,2
4300,0,0,0,43,0,2
4301,0,0,0,43,1,2
4302,0,0,0,43,2,2
4303,0,0,0,43,3,2
4304,0,0,0,43,4,2
4305,0,0,0,43,5,2
4306,0,0,0,43,6,2
4307,0,0,0,43,7,2
4308,0,0,0,43,8,2
4309,0,0,0,43,9,2
4310,0,0,0,43,10,2
4311,1,1,1,43,11,2
4312,6,6,6,43,12,2
4313,7,7,7,43,13,2
4314,8,8,8,43,14,2
4315,7,7,7,43,15,2
4316,12,12,12,43,16,8
4317,81,81,81,43,17,3
4318,142,142,142,43,18,1
4319,126,126,126,43,19,1
4320,130,130,130,43,20,1
4321,89,89,89,43,21,1
4322,59,59,59,43,22,3
4323,33,33,33,43,23,1
4324,34,34,34,43,24,1
4325,42,42,42,43,25,11
4326,53,53,53,43,26,3
4327,57,57,57,43,27,3
4328,57,57,57,43,28,3
4329,66,66,66,43,29,3
4330,74,74,74,43,30,3
4331,78,78,78,43,31,3
4332,74,74,74,43,32,3
4333,65,65,65,43,33,3
4334,51,51,51,43,34,3
4335,62,62,62,43,35,3
4336,65,65,65,43,36,3
4337,52,52,52,43,37,3
4338,46,46,46,43,38,9
4339,69,69,69,43,39,3
4340,73,73,73,43,40,3
4341,73,73,73,43,41,3
4342,111,111,111,43,42,1
4343,99,99,99,43,43,1
4344,79,79,79,43,44,3
4345,129,129,129,43,45,1
4346,112,112,112,43,46,1
4347,85,85,85,43,47,5
4348,86,86,86,43,48,5
4349,124,124,124,43,49,1
4350,143,143,143,43,50,1
4351,111,111,111,43,51,1
4352,117,117,117,43,52,1
4353,116,116,116,43,53,1
4354,114,114,114,43,54,1
4355,120,120,120,43,55,1
4356,121,121,121,43,56,1
4357,124,124,124,43,57,1
4358,117,117,117,43,58,1
4359,120,120,120,43,59,1
4360,113,113,113,43,60,1
4361,70,70,70,43,61,3
4362,59,59,59,43,62,3
4363,60,60,60,43,63,3
4364,58,58,58,43,64,3
4365,69,69,69,43,65,3
4366,70,70,70,43,66,3
4367,66,66,66,43,67,3
4368,65,65,65,43,68,3
4369,71,71,71,43,69,3
4370,71,71,71,43,70,3
4371,69,69,69,43,71,3
4372,63,63,63,43,72,3
4373,60,60,60,43,73,3
4374,53,53,53,43,74,3
4375,61,61,61,43,75,3
4376,50,50,50,43,76,3
4377,31,31,31,43,77,4
4378,49,49,49,43,78,1
4379,79,79,79,43,79,3
4380,87,87,87,43,80,5
4381,123,123,123,43,81,1
4382,86,86,86,43,82,5
4383,126,126,126,43,83,1
4384,92,92,92,43,84,1
4385,11,11,11,43,85,2
4386,8,8,8,43,86,2
4387,8,8,8,43,87,2
4388,3,3,3,43,88,2
4389,0,0,0,43,89,2
4390,0,0,0,43,90,2
4391,0,0,0,43,91,2
4392,0,0,0,43,92,2
4393,0,0,0,43,93,2
4394,0,0,0,43,94,2
4395,0,0,0,43,95,2
4396,0,0,0,43,96,2
4397,0,0,0,43,97,2
4398,0,0,0,43,98,2
4399,0,0,0,43,99,2
4400,0,0,0,44,0,2
4401,0,0,0,44,1,2
4402,0,0,0,44,2,2
4403,0,0,0,44,3,2
4404,0,0,0,44,4,2
4405,0,0,0,44,5,2
4406,0,0,0,44,6,2
4407,0,0,0,44,7,2
4408,0,0,0,44,8,2
4409,0,0,0,44,9,2
4410,0,0,0,44,10,2
4411,2,2,2,44,11,2
4412,6,6,6,44,12,2
4413,6,6,6,44,13,2
4414,6,6,6,44,14,2
4415,5,5,5,44,15,2
4416,14,14,14,44,16,8
4417,83,83,83,44,17,1
4418,140,140,140,44,18,1
4419,103,103,103,44,19,1
4420,144,144,144,44,20,1
4421,103,103,103,44,21,1
4422,64,64,64,44,22,3
4423,33,33,33,44,23,1
4424,35,35,35,44,24,6
4425,50,50,50,44,25,3
4426,59,59,59,44,26,3
4427,63,63,63,44,27,3
4428,64,64,64,44,28,3
4429,71,71,71,44,29,3
4430,77,77,77,44,30,3
4431,72,72,72,44,31,3
4432,70,70,70,44,32,3
4433,66,66,66,44,33,3
4434,62,62,62,44,34,3
4435,59,59,59,44,35,3
4436,75,75,75,44,36,3
4437,76,76,76,44,37,3
4438,65,65,65,44,38,3
4439,70,70,70,44,39,3
4440,71,71,71,44,40,3
4441,66,66,66,44,41,3
4442,128,128,128,44,42,1
4443,204,204,204,44,43,1
4444,124,124,124,44,44,1
4445,67,67,67,44,45,3
4446,35,35,35,44,46,6
4447,20,20,20,44,47,1
4448,17,17,17,44,48,10
4449,8,8,8,44,49,2
4450,71,71,71,44,50,3
4451,140,140,140,44,51,1
4452,123,123,123,44,52,1
4453,116,116,116,44,53,1
4454,116,116,116,44,54,1
4455,122,122,122,44,55,1
4456,125,125,125,44,56,1
4457,126,126,126,44,57,1
4458,122,122,122,44,58,1
4459,119,119,119,44,59,1
4460,108,108,108,44,60,1
4461,68,68,68,44,61,3
4462,49,49,49,44,62,1
4463,59,59,59,44,63,3
4464,65,65,65,44,64,3
4465,69,69,69,44,65,3
4466,67,67,67,44,66,3
4467,65,65,65,44,67,3
4468,68,68,68,44,68,3
4469,70,70,70,44,69,3
4470,67,67,67,44,70,3
4471,64,64,64,44,71,3
4472,68,68,68,44,72,3
4473,62,62,62,44,73,3
4474,56,56,56,44,74,3
4475,69,69,69,44,75,3
4476,64,64,64,44,76,3
4477,33,33,33,44,77,1
4478,33,33,33,44,78,1
4479,63,63,63,44,79,3
4480,76,76,76,44,80,3
4481,128,128,128,44,81,1
4482,89,89,89,44,82,1
4483,124,124,124,44,83,1
4484,117,117,117,44,84,1
4485,16,16,16,44,85,10
4486,7,7,7,44,86,2
4487,9,9,9,44,87,2
4488,5,5,5,44,88,2
4489,0,0,0,44,89,2
4490,0,0,0,44,90,2
4491,0,0,0,44,91,2
4492,0,0,0,44,92,2
4493,0,0,0,44,93,2
4494,0,0,0,44,94,2
4495,0,0,0,44,95,2
4496,0,0,0,44,96,2
4497,0,0,0,44,97,2
4498,0,0,0,44,98,2
4499,0,0,0,44,99,2
4500,0,0,0,45,0,2
4501,0,0,0,45,1,2
4502,0,0,0,45,2,2
4503,0,0,0,45,3,2
4504,0,0,0,45,4,2
4505,0,0,0,45,5,2
4506,0,0,0,45,6,2
4507,0,0,0,45,7,2
4508,0,0,0,45,8,2
4509,0,0,0,45,9,2
4510,0,0,0,45,10,2
4511,2,2,2,45,11,2
4512,6,6,6,45,12,2
4513,6,6,6,45,13,2
4514,6,6,6,45,14,2
4515,5,5,5,45,15,2
4516,13,13,13,45,16,8
4517,85,85,85,45,17,5
4518,154,154,154,45,18,1
4519,114,114,114,45,19,1
4520,154,154,154,45,20,1
4521,97,97,97,45,21,1
4522,68,68,68,45,22,3
4523,48,48,48,45,23,9
4524,36,36,36,45,24,6
4525,54,54,54,45,25,3
4526,58,58,58,45,26,3
4527,63,63,63,45,27,3
4528,69,69,69,45,28,3
4529,70,70,70,45,29,3
4530,69,69,69,45,30,3
4531,70,70,70,45,31,3
4532,71,71,71,45,32,3
4533,72,72,72,45,33,3
4534,68,68,68,45,34,3
4535,58,58,58,45,35,3
4536,65,65,65,45,36,3
4537,78,78,78,45,37,3
4538,77,77,77,45,38,3
4539,71,71,71,45,39,3
4540,71,71,71,45,40,3
4541,86,86,86,45,41,5
4542,156,156,156,45,42,1
4543,98,98,98,45,43,1
4544,39,39,39,45,44,7
4545,23,23,23,45,45,1
4546,40,40,40,45,46,7
4547,43,43,43,45,47,11
4548,33,33,33,45,48,1
4549,28,28,28,45,49,1
4550,39,39,39,45,50,7
4551,103,103,103,45,51,1
4552,126,126,126,45,52,1
4553,122,122,122,45,53,1
4554,126,126,126,45,54,1
4555,129,129,129,45,55,1
4556,125,125,125,45,56,1
4557,126,126,126,45,57,1
4558,114,114,114,45,58,1
4559,105,105,105,45,59,1
4560,109,109,109,45,60,1
4561,72,72,72,45,61,3
4562,50,50,50,45,62,3
4563,58,58,58,45,63,3
4564,64,64,64,45,64,3
4565,68,68,68,45,65,3
4566,63,63,63,45,66,3
4567,59,59,59,45,67,3
4568,69,69,69,45,68,3
4569,68,68,68,45,69,3
4570,64,64,64,45,70,3
4571,56,56,56,45,71,3
4572,64,64,64,45,72,3
4573,64,64,64,45,73,3
4574,57,57,57,45,74,3
4575,71,71,71,45,75,3
4576,66,66,66,45,76,3
4577,46,46,46,45,77,9
4578,27,27,27,45,78,1
4579,34,34,34,45,79,1
4580,71,71,71,45,80,3
4581,134,134,134,45,81,1
4582,98,98,98,45,82,1
4583,106,106,106,45,83,1
4584,122,122,122,45,84,1
4585,22,22,22,45,85,1
4586,8,8,8,45,86,2
4587,9,9,9,45,87,2
4588,4,4,4,45,88,2
4589,0,0,0,45,89,2
4590,0,0,0,45,90,2
4591,0,0,0,45,91,2
4592,0,0,0,45,92,2
4593,0,0,0,45,93,2
4594,0,0,0,45,94,2
4595,0,0,0,45,95,2
4596,0,0,0,45,96,2
4597,0,0,0,45,97,2
4598,0,0,0,45,98,2
4599,0,0,0,45,99,2
4600,0,0,0,46,0,2
4601,0,0,0,46,1,2
4602,0,0,0,46,2,2
4603,0,0,0,46,3,2
4604,0,0,0,46,4,2
4605,0,0,0,46,5,2
4606,0,0,0,46,6,2
4607,0,0,0,46,7,2
4608,0,0,0,46,8,2
4609,0,0,0,46,9,2
4610,0,0,0,46,10,2
4611,2,2,2,46,11,2
4612,6,6,6,46,12,2
4613,6,6,6,46,13,2
4614,7,7,7,46,14,2
4615,6,6,6,46,15,2
4616,13,13,13,46,16,8
4617,87,87,87,46,17,5
4618,154,154,154,46,18,1
4619,111,111,111,46,19,1
4620,164,164,164,46,20,1
4621,104,104,104,46,21,1
4622,61,61,61,46,22,3
4623,57,57,57,46,23,3
4624,34,34,34,46,24,1
4625,52,52,52,46,25,3
4626,57,57,57,46,26,3
4627,61,61,61,46,27,3
4628,66,66,66,46,28,3
4629,64,64,64,46,29,3
4630,61,61,61,46,30,3
4631,62,62,62,46,31,3
4632,63,63,63,46,32,3
4633,71,71,71,46,33,3
4634,71,71,71,46,34,3
4635,62,62,62,46,35,3
4636,63,63,63,46,36,3
4637,74,74,74,46,37,3
4638,75,75,75,46,38,3
4639,76,76,76,46,39,3
4640,75,75,75,46,40,3
4641,90,90,90,46,41,1
4642,96,96,96,46,42,1
4643,49,49,49,46,43,1
4644,31,31,31,46,44,4
4645,21,21,21,46,45,1
4646,45,45,45,46,46,9
4647,53,53,53,46,47,3
4648,58,58,58,46,48,3
4649,68,68,68,46,49,3
4650,67,67,67,46,50,3
4651,68,68,68,46,51,3
4652,91,91,91,46,52,1
4653,115,115,115,46,53,1
4654,126,126,126,46,54,1
4655,123,123,123,46,55,1
4656,118,118,118,46,56,1
4657,123,123,123,46,57,1
4658,117,117,117,46,58,1
4659,107,107,107,46,59,1
4660,117,117,117,46,60,1
4661,93,93,93,46,61,1
4662,66,66,66,46,62,3
4663,63,63,63,46,63,3
4664,66,66,66,46,64,3
4665,63,63,63,46,65,3
4666,56,56,56,46,66,3
4667,52,52,52,46,67,3
4668,51,51,51,46,68,3
4669,57,57,57,46,69,3
4670,53,53,53,46,70,3
4671,44,44,44,46,71,11
4672,56,56,56,46,72,3
4673,64,64,64,46,73,3
4674,61,61,61,46,74,3
4675,72,72,72,46,75,3
4676,57,57,57,46,76,3
4677,30,30,30,46,77,4
4678,20,20,20,46,78,1
4679,26,26,26,46,79,1
4680,55,55,55,46,80,3
4681,125,125,125,46,81,1
4682,118,118,118,46,82,1
4683,92,92,92,46,83,1
4684,104,104,104,46,84,1
4685,21,21,21,46,85,1
4686,8,8,8,46,86,2
4687,10,10,10,46,87,2
4688,6,6,6,46,88,2
4689,0,0,0,46,89,2
4690,0,0,0,46,90,2
4691,0,0,0,46,91,2
4692,0,0,0,46,92,2
4693,0,0,0,46,93,2
4694,0,0,0,46,94,2
4695,0,0,0,46,95,2
4696,0,0,0,46,96,2
4697,0,0,0,46,97,2
4698,0,0,0,46,98,2
4699,0,0,0,46,99,2
4700,0,0,0,47,0,2
4701,0,0,0,47,1,2
4702,0,0,0,47,2,2
4703,0,0,0,47,3,2
4704,0,0,0,47,4,2
4705,0,0,0,47,5,2
4706,0,0,0,47,6,2
4707,0,0,0,47,7,2
4708,0,0,0,47,8,2
4709,0,0,0,47,9,2
4710,0,0,0,47,10,2
4711,2,2,2,47,11,2
4712,8,8,8,47,12,2
4713,8,8,8,47,13,2
4714,6,6,6,47,14,2
4715,5,5,5,47,15,2
4716,14,14,14,47,16,8
4717,95,95,95,47,17,1
4718,148,148,148,47,18,1
4719,103,103,103,47,19,1
4720,171,171,171,47,20,1
4721,93,93,93,47,21,1
4722,54,54,54,47,22,3
4723,47,47,47,47,23,9
4724,34,34,34,47,24,1
4725,53,53,53,47,25,3
4726,58,58,58,47,26,3
4727,59,59,59,47,27,3
4728,62,62,62,47,28,3
4729,66,66,66,47,29,3
4730,62,62,62,47,30,3
4731,54,54,54,47,31,3
4732,58,58,58,47,32,3
4733,71,71,71,47,33,3
4734,71,71,71,47,34,3
4735,62,62,62,47,35,3
4736,63,63,63,47,36,3
4737,72,72,72,47,37,3
4738,74,74,74,47,38,3
4739,76,76,76,47,39,3
4740,76,76,76,47,40,3
4741,64,64,64,47,41,3
4742,48,48,48,47,42,9
4743,40,40,40,47,43,7
4744,42,42,42,47,44,11
4745,72,72,72,47,45,3
4746,71,71,71,47,46,3
4747,68,68,68,47,47,3
4748,73,73,73,47,48,3
4749,74,74,74,47,49,3
4750,66,66,66,47,50,3
4751,64,64,64,47,51,3
4752,66,66,66,47,52,3
4753,81,81,81,47,53,3
4754,103,103,103,47,54,1
4755,101,101,101,47,55,1
4756,107,107,107,47,56,1
4757,82,82,82,47,57,3
4758,50,50,50,47,58,3
4759,94,94,94,47,59,1
4760,124,124,124,47,60,1
4761,116,116,116,47,61,1
4762,81,81,81,47,62,3
4763,66,66,66,47,63,3
4764,65,65,65,47,64,3
4765,62,62,62,47,65,3
4766,54,54,54,47,66,3
4767,52,52,52,47,67,3
4768,53,53,53,47,68,3
4769,51,51,51,47,69,3
4770,38,38,38,47,70,6
4771,23,23,23,47,71,1
4772,40,40,40,47,72,7
4773,58,58,58,47,73,3
4774,62,62,62,47,74,3
4775,95,95,95,47,75,1
4776,47,47,47,47,76,9
4777,21,21,21,47,77,1
4778,16,16,16,47,78,10
4779,38,38,38,47,79,6
4780,39,39,39,47,80,7
4781,111,111,111,47,81,1
4782,158,158,158,47,82,1
4783,95,95,95,47,83,1
4784,87,87,87,47,84,5
4785,15,15,15,47,85,10
4786,6,6,6,47,86,2
4787,7,7,7,47,87,2
4788,4,4,4,47,88,2
4789,0,0,0,47,89,2
4790,0,0,0,47,90,2
4791,0,0,0,47,91,2
4792,0,0,0,47,92,2
4793,0,0,0,47,93,2
4794,0,0,0,47,94,2
4795,0,0,0,47,95,2
4796,0,0,0,47,96,2
4797,0,0,0,47,97,2
4798,0,0,0,47,98,2
4799,0,0,0,47,99,2
4800,0,0,0,48,0,2
4801,0,0,0,48,1,2
4802,0,0,0,48,2,2
4803,0,0,0,48,3,2
4804,0,0,0,48,4,2
4805,0,0,0,48,5,2
4806,0,0,0,48,6,2
4807,0,0,0,48,7,2
4808,0,0,0,48,8,2
4809,0,0,0,48,9,2
4810,0,0,0,48,10,2
4811,2,2,2,48,11,2
4812,7,7,7,48,12,2
4813,8,8,8,48,13,2
4814,7,7,7,48,14,2
4815,7,7,7,48,15,2
4816,17,17,17,48,16,10
4817,108,108,108,48,17,1
4818,154,154,154,48,18,1
4819,104,104,104,48,19,1
4820,161,161,161,48,20,1
4821,78,78,78,48,21,3
4822,48,48,48,48,22,9
4823,32,32,32,48,23,1
4824,53,53,53,48,24,3
4825,57,57,57,48,25,3
4826,63,63,63,48,26,3
4827,62,62,62,48,27,3
4828,64,64,64,48,28,3
4829,67,67,67,48,29,3
4830,65,65,65,48,30,3
4831,65,65,65,48,31,3
4832,64,64,64,48,32,3
4833,70,70,70,48,33,3
4834,72,72,72,48,34,3
4835,64,64,64,48,35,3
4836,62,62,62,48,36,3
4837,66,66,66,48,37,3
4838,68,68,68,48,38,3
4839,73,73,73,48,39,3
4840,70,70,70,48,40,3
4841,59,59,59,48,41,3
4842,49,49,49,48,42,1
4843,39,39,39,48,43,7
4844,66,66,66,48,44,3
4845,79,79,79,48,45,3
4846,71,71,71,48,46,3
4847,69,69,69,48,47,3
4848,73,73,73,48,48,3
4849,74,74,74,48,49,3
4850,72,72,72,48,50,3
4851,69,69,69,48,51,3
4852,67,67,67,48,52,3
4853,64,64,64,48,53,3
4854,70,70,70,48,54,3
4855,64,64,64,48,55,3
4856,47,47,47,48,56,9
4857,34,34,34,48,57,1
4858,30,30,30,48,58,4
4859,85,85,85,48,59,5
4860,100,100,100,48,60,1
4861,90,90,90,48,61,1
4862,90,90,90,48,62,1
4863,66,66,66,48,63,3
4864,61,61,61,48,64,3
4865,63,63,63,48,65,3
4866,57,57,57,48,66,3
4867,55,55,55,48,67,3
4868,58,58,58,48,68,3
4869,71,71,71,48,69,3
4870,55,55,55,48,70,3
4871,29,29,29,48,71,4
4872,32,32,32,48,72,1
4873,60,60,60,48,73,3
4874,71,71,71,48,74,3
4875,89,89,89,48,75,1
4876,51,51,51,48,76,3
4877,34,34,34,48,77,1
4878,15,15,15,48,78,10
4879,27,27,27,48,79,1
4880,35,35,35,48,80,6
4881,87,87,87,48,81,5
4882,190,190,190,48,82,1
4883,124,124,124,48,83,1
4884,70,70,70,48,84,3
4885,11,11,11,48,85,2
4886,8,8,8,48,86,2
4887,9,9,9,48,87,2
4888,4,4,4,48,88,2
4889,0,0,0,48,89,2
4890,0,0,0,48,90,2
4891,0,0,0,48,91,2
4892,0,0,0,48,92,2
4893,0,0,0,48,93,2
4894,0,0,0,48,94,2
4895,0,0,0,48,95,2
4896,0,0,0,48,96,2
4897,0,0,0,48,97,2
4898,0,0,0,48,98,2
4899,0,0,0,48,99,2
4900,0,0,0,49,0,2
4901,0,0,0,49,1,2
4902,0,0,0,49,2,2
4903,0,0,0,49,3,2
4904,0,0,0,49,4,2
4905,0,0,0,49,5,2
4906,0,0,0,49,6,2
4907,0,0,0,49,7,2
4908,0,0,0,49,8,2
4909,0,0,0,49,9,2
4910,0,0,0,49,10,2
4911,2,2,2,49,11,2
4912,7,7,7,49,12,2
4913,8,8,8,49,13,2
4914,6,6,6,49,14,2
4915,6,6,6,49,15,2
4916,21,21,21,49,16,1
4917,117,117,117,49,17,1
4918,145,145,145,49,18,1
4919,100,100,100,49,19,1
4920,152,152,152,49,20,1
4921,72,72,72,49,21,3
4922,31,31,31,49,22,4
4923,36,36,36,49,23,6
4924,64,64,64,49,24,3
4925,58,58,58,49,25,3
4926,57,57,57,49,26,3
4927,61,61,61,49,27,3
4928,64,64,64,49,28,3
4929,64,64,64,49,29,3
4930,71,71,71,49,30,3
4931,67,67,67,49,31,3
4932,60,60,60,49,32,3
4933,65,65,65,49,33,3
4934,70,70,70,49,34,3
4935,68,68,68,49,35,3
4936,67,67,67,49,36,3
4937,61,61,61,49,37,3
4938,56,56,56,49,38,3
4939,69,69,69,49,39,3
4940,69,69,69,49,40,3
4941,57,57,57,49,41,3
4942,50,50,50,49,42,3
4943,59,59,59,49,43,3
4944,81,81,81,49,44,3
4945,81,81,81,49,45,3
4946,72,72,72,49,46,3
4947,69,69,69,49,47,3
4948,73,73,73,49,48,3
4949,72,72,72,49,49,3
4950,75,75,75,49,50,3
4951,73,73,73,49,51,3
4952,67,67,67,49,52,3
4953,66,66,66,49,53,3
4954,72,72,72,49,54,3
4955,72,72,72,49,55,3
4956,64,64,64,49,56,3
4957,39,39,39,49,57,7
4958,43,43,43,49,58,11
4959,86,86,86,49,59,5
4960,70,70,70,49,60,3
4961,64,64,64,49,61,3
4962,81,81,81,49,62,3
4963,72,72,72,49,63,3
4964,63,63,63,49,64,3
4965,61,61,61,49,65,3
4966,63,63,63,49,66,3
4967,60,60,60,49,67,3
4968,51,51,51,49,68,3
4969,60,60,60,49,69,3
4970,67,67,67,49,70,3
4971,67,67,67,49,71,3
4972,60,60,60,49,72,3
4973,66,66,66,49,73,3
4974,68,68,68,49,74,3
4975,73,73,73,49,75,3
4976,69,69,69,49,76,3
4977,46,46,46,49,77,9
4978,22,22,22,49,78,1
4979,16,16,16,49,79,10
4980,28,28,28,49,80,1
4981,75,75,75,49,81,3
4982,182,182,182,49,82,1
4983,132,132,132,49,83,1
4984,33,33,33,49,84,1
4985,7,7,7,49,85,2
4986,7,7,7,49,86,2
4987,9,9,9,49,87,2
4988,5,5,5,49,88,2
4989,0,0,0,49,89,2
4990,0,0,0,49,90,2
4991,0,0,0,49,91,2
4992,0,0,0,49,92,2
4993,0,0,0,49,93,2
4994,0,0,0,49,94,2
4995,0,0,0,49,95,2
4996,0,0,0,49,96,2
4997,0,0,0,49,97,2
4998,0,0,0,49,98,2
4999,0,0,0,49,99,2
5000,0,0,0,50,0,2
5001,0,0,0,50,1,2
5002,0,0,0,50,2,2
5003,0,0,0,50,3,2
5004,0,0,0,50,4,2
5005,0,0,0,50,5,2
5006,0,0,0,50,6,2
5007,0,0,0,50,7,2
5008,0,0,0,50,8,2
5009,0,0,0,50,9,2
5010,0,0,0,50,10,2
5011,2,2,2,50,11,2
5012,7,7,7,50,12,2
5013,6,6,6,50,13,2
5014,6,6,6,50,14,2
5015,5,5,5,50,15,2
5016,24,24,24,50,16,1
5017,121,121,121,50,17,1
5018,134,134,134,50,18,1
5019,107,107,107,50,19,1
5020,148,148,148,50,20,1
5021,60,60,60,50,21,3
5022,28,28,28,50,22,1
5023,37,37,37,50,23,6
5024,54,54,54,50,24,3
5025,62,62,62,50,25,3
5026,62,62,62,50,26,3
5027,58,58,58,50,27,3
5028,64,64,64,50,28,3
5029,67,67,67,50,29,3
5030,72,72,72,50,30,3
5031,71,71,71,50,31,3
5032,63,63,63,50,32,3
5033,61,61,61,50,33,3
5034,72,72,72,50,34,3
5035,78,78,78,50,35,3
5036,76,76,76,50,36,3
5037,69,69,69,50,37,3
5038,58,58,58,50,38,3
5039,55,55,55,50,39,3
5040,57,57,57,50,40,3
5041,43,43,43,50,41,11
5042,37,37,37,50,42,6
5043,59,59,59,50,43,3
5044,79,79,79,50,44,3
5045,80,80,80,50,45,3
5046,71,71,71,50,46,3
5047,72,72,72,50,47,3
5048,73,73,73,50,48,3
5049,69,69,69,50,49,3
5050,70,70,70,50,50,3
5051,72,72,72,50,51,3
5052,72,72,72,50,52,3
5053,74,74,74,50,53,3
5054,76,76,76,50,54,3
5055,75,75,75,50,55,3
5056,72,72,72,50,56,3
5057,51,51,51,50,57,3
5058,45,45,45,50,58,9
5059,54,54,54,50,59,3
5060,42,42,42,50,60,11
5061,56,56,56,50,61,3
5062,76,76,76,50,62,3
5063,79,79,79,50,63,3
5064,66,66,66,50,64,3
5065,62,62,62,50,65,3
5066,69,69,69,50,66,3
5067,66,66,66,50,67,3
5068,61,61,61,50,68,3
5069,56,56,56,50,69,3
5070,60,60,60,50,70,3
5071,66,66,66,50,71,3
5072,69,69,69,50,72,3
5073,69,69,69,50,73,3
5074,76,76,76,50,74,3
5075,63,63,63,50,75,3
5076,64,64,64,50,76,3
5077,50,50,50,50,77,3
5078,26,26,26,50,78,1
5079,13,13,13,50,79,8
5080,20,20,20,50,80,1
5081,63,63,63,50,81,3
5082,174,174,174,50,82,1
5083,124,124,124,50,83,1
5084,24,24,24,50,84,1
5085,7,7,7,50,85,2
5086,7,7,7,50,86,2
5087,8,8,8,50,87,2
5088,5,5,5,50,88,2
5089,0,0,0,50,89,2
5090,0,0,0,50,90,2
5091,0,0,0,50,91,2
5092,0,0,0,50,92,2
5093,0,0,0,50,93,2
5094,0,0,0,50,94,2
5095,0,0,0,50,95,2
5096,0,0,0,50,96,2
5097,0,0,0,50,97,2
5098,0,0,0,50,98,2
5099,0,0,0,50,99,2
5100,0,0,0,51,0,2
5101,0,0,0,51,1,2
5102,0,0,0,51,2,2
5103,0,0,0,51,3,2
5104,0,0,0,51,4,2
5105,0,0,0,51,5,2
5106,0,0,0,51,6,2
5107,0,0,0,51,7,2
5108,0,0,0,51,8,2
5109,0,0,0,51,9,2
5110,0,0,0,51,10,2
5111,2,2,2,51,11,2
5112,6,6,6,51,12,2
5113,7,7,7,51,13,2
5114,7,7,7,51,14,2
5115,5,5,5,51,15,2
5116,28,28,28,51,16,1
5117,135,135,135,51,17,1
5118,122,122,122,51,18,1
5119,114,114,114,51,19,1
5120,129,129,129,51,20,1
5121,52,52,52,51,21,3
5122,32,32,32,51,22,1
5123,41,41,41,51,23,7
5124,40,40,40,51,24,7
5125,43,43,43,51,25,11
5126,52,52,52,51,26,3
5127,57,57,57,51,27,3
5128,70,70,70,51,28,3
5129,73,73,73,51,29,3
5130,70,70,70,51,30,3
5131,72,72,72,51,31,3
5132,66,66,66,51,32,3
5133,62,62,62,51,33,3
5134,70,70,70,51,34,3
5135,80,80,80,51,35,3
5136,80,80,80,51,36,3
5137,76,76,76,51,37,3
5138,74,74,74,51,38,3
5139,63,63,63,51,39,3
5140,48,48,48,51,40,9
5141,39,39,39,51,41,7
5142,39,39,39,51,42,7
5143,69,69,69,51,43,3
5144,76,76,76,51,44,3
5145,77,77,77,51,45,3
5146,77,77,77,51,46,3
5147,76,76,76,51,47,3
5148,74,74,74,51,48,3
5149,69,69,69,51,49,3
5150,72,72,72,51,50,3
5151,74,74,74,51,51,3
5152,74,74,74,51,52,3
5153,75,75,75,51,53,3
5154,72,72,72,51,54,3
5155,72,72,72,51,55,3
5156,73,73,73,51,56,3
5157,56,56,56,51,57,3
5158,46,46,46,51,58,9
5159,58,58,58,51,59,3
5160,61,61,61,51,60,3
5161,64,64,64,51,61,3
5162,72,72,72,51,62,3
5163,87,87,87,51,63,5
5164,77,77,77,51,64,3
5165,67,67,67,51,65,3
5166,69,69,69,51,66,3
5167,70,70,70,51,67,3
5168,67,67,67,51,68,3
5169,65,65,65,51,69,3
5170,61,61,61,51,70,3
5171,51,51,51,51,71,3
5172,46,46,46,51,72,9
5173,57,57,57,51,73,3
5174,76,76,76,51,74,3
5175,62,62,62,51,75,3
5176,57,57,57,51,76,3
5177,36,36,36,51,77,6
5178,24,24,24,51,78,1
5179,21,21,21,51,79,1
5180,17,17,17,51,80,10
5181,59,59,59,51,81,3
5182,176,176,176,51,82,1
5183,105,105,105,51,83,1
5184,16,16,16,51,84,10
5185,7,7,7,51,85,2
5186,7,7,7,51,86,2
5187,8,8,8,51,87,2
5188,5,5,5,51,88,2
5189,0,0,0,51,89,2
5190,0,0,0,51,90,2
5191,0,0,0,51,91,2
5192,0,0,0,51,92,2
5193,0,0,0,51,93,2
5194,0,0,0,51,94,2
5195,0,0,0,51,95,2
5196,0,0,0,51,96,2
5197,0,0,0,51,97,2
5198,0,0,0,51,98,2
5199,0,0,0,51,99,2
5200,0,0,0,52,0,2
5201,0,0,0,52,1,2
5202,0,0,0,52,2,2
5203,0,0,0,52,3,2
5204,0,0,0,52,4,2
5205,0,0,0,52,5,2
5206,0,0,0,52,6,2
5207,0,0,0,52,7,2
5208,0,0,0,52,8,2
5209,0,0,0,52,9,2
5210,0,0,0,52,10,2
5211,2,2,2,52,11,2
5212,7,7,7,52,12,2
5213,7,7,7,52,13,2
5214,7,7,7,52,14,2
5215,5,5,5,52,15,2
5216,36,36,36,52,16,6
5217,134,134,134,52,17,1
5218,112,112,112,52,18,1
5219,115,115,115,52,19,1
5220,131,131,131,52,20,1
5221,53,53,53,52,21,3
5222,31,31,31,52,22,4
5223,45,45,45,52,23,9
5224,52,52,52,52,24,3
5225,46,46,46,52,25,9
5226,51,51,51,52,26,3
5227,62,62,62,52,27,3
5228,72,72,72,52,28,3
5229,70,70,70,52,29,3
5230,71,71,71,52,30,3
5231,73,73,73,52,31,3
5232,65,65,65,52,32,3
5233,68,68,68,52,33,3
5234,80,80,80,52,34,3
5235,73,73,73,52,35,3
5236,78,78,78,52,36,3
5237,77,77,77,52,37,3
5238,76,76,76,52,38,3
5239,76,76,76,52,39,3
5240,60,60,60,52,40,3
5241,44,44,44,52,41,11
5242,46,46,46,52,42,9
5243,76,76,76,52,43,3
5244,76,76,76,52,44,3
5245,77,77,77,52,45,3
5246,80,80,80,52,46,3
5247,75,75,75,52,47,3
5248,77,77,77,52,48,3
5249,78,78,78,52,49,3
5250,76,76,76,52,50,3
5251,74,74,74,52,51,3
5252,73,73,73,52,52,3
5253,73,73,73,52,53,3
5254,73,73,73,52,54,3
5255,73,73,73,52,55,3
5256,74,74,74,52,56,3
5257,67,67,67,52,57,3
5258,62,62,62,52,58,3
5259,70,70,70,52,59,3
5260,70,70,70,52,60,3
5261,75,75,75,52,61,3
5262,80,80,80,52,62,3
5263,81,81,81,52,63,3
5264,79,79,79,52,64,3
5265,78,78,78,52,65,3
5266,68,68,68,52,66,3
5267,69,69,69,52,67,3
5268,73,73,73,52,68,3
5269,71,71,71,52,69,3
5270,68,68,68,52,70,3
5271,63,63,63,52,71,3
5272,59,59,59,52,72,3
5273,53,53,53,52,73,3
5274,54,54,54,52,74,3
5275,59,59,59,52,75,3
5276,51,51,51,52,76,3
5277,38,38,38,52,77,6
5278,30,30,30,52,78,4
5279,29,29,29,52,79,4
5280,18,18,18,52,80,10
5281,62,62,62,52,81,3
5282,177,177,177,52,82,1
5283,83,83,83,52,83,1
5284,13,13,13,52,84,8
5285,6,6,6,52,85,2
5286,8,8,8,52,86,2
5287,9,9,9,52,87,2
5288,5,5,5,52,88,2
5289,0,0,0,52,89,2
5290,0,0,0,52,90,2
5291,0,0,0,52,91,2
5292,0,0,0,52,92,2
5293,0,0,0,52,93,2
5294,0,0,0,52,94,2
5295,0,0,0,52,95,2
5296,0,0,0,52,96,2
5297,0,0,0,52,97,2
5298,0,0,0,52,98,2
5299,0,0,0,52,99,2
5300,0,0,0,53,0,2
5301,0,0,0,53,1,2
5302,0,0,0,53,2,2
5303,0,0,0,53,3,2
5304,0,0,0,53,4,2
5305,0,0,0,53,5,2
5306,0,0,0,53,6,2
5307,0,0,0,53,7,2
5308,0,0,0,53,8,2
5309,0,0,0,53,9,2
5310,0,0,0,53,10,2
5311,3,3,3,53,11,2
5312,7,7,7,53,12,2
5313,6,6,6,53,13,2
5314,8,8,8,53,14,2
5315,5,5,5,53,15,2
5316,47,47,47,53,16,9
5317,133,133,133,53,17,1
5318,124,124,124,53,18,1
5319,110,110,110,53,19,1
5320,138,138,138,53,20,1
5321,56,56,56,53,21,3
5322,19,19,19,53,22,1
5323,35,35,35,53,23,6
5324,62,62,62,53,24,3
5325,63,63,63,53,25,3
5326,69,69,69,53,26,3
5327,69,69,69,53,27,3
5328,73,73,73,53,28,3
5329,75,75,75,53,29,3
5330,71,71,71,53,30,3
5331,74,74,74,53,31,3
5332,74,74,74,53,32,3
5333,70,70,70,53,33,3
5334,73,73,73,53,34,3
5335,70,70,70,53,35,3
5336,75,75,75,53,36,3
5337,77,77,77,53,37,3
5338,73,73,73,53,38,3
5339,72,72,72,53,39,3
5340,55,55,55,53,40,3
5341,35,35,35,53,41,6
5342,46,46,46,53,42,9
5343,76,76,76,53,43,3
5344,77,77,77,53,44,3
5345,76,76,76,53,45,3
5346,79,79,79,53,46,3
5347,76,76,76,53,47,3
5348,74,74,74,53,48,3
5349,75,75,75,53,49,3
5350,76,76,76,53,50,3
5351,72,72,72,53,51,3
5352,68,68,68,53,52,3
5353,68,68,68,53,53,3
5354,74,74,74,53,54,3
5355,76,76,76,53,55,3
5356,74,74,74,53,56,3
5357,74,74,74,53,57,3
5358,72,72,72,53,58,3
5359,72,72,72,53,59,3
5360,72,72,72,53,60,3
5361,71,71,71,53,61,3
5362,71,71,71,53,62,3
5363,76,76,76,53,63,3
5364,80,80,80,53,64,3
5365,82,82,82,53,65,3
5366,70,70,70,53,66,3
5367,72,72,72,53,67,3
5368,70,70,70,53,68,3
5369,72,72,72,53,69,3
5370,74,74,74,53,70,3
5371,68,68,68,53,71,3
5372,54,54,54,53,72,3
5373,52,52,52,53,73,3
5374,28,28,28,53,74,1
5375,23,23,23,53,75,1
5376,37,37,37,53,76,6
5377,33,33,33,53,77,1
5378,27,27,27,53,78,1
5379,20,20,20,53,79,1
5380,22,22,22,53,80,1
5381,79,79,79,53,81,3
5382,181,181,181,53,82,1
5383,66,66,66,53,83,3
5384,10,10,10,53,84,2
5385,6,6,6,53,85,2
5386,7,7,7,53,86,2
5387,9,9,9,53,87,2
5388,6,6,6,53,88,2
5389,0,0,0,53,89,2
5390,0,0,0,53,90,2
5391,0,0,0,53,91,2
5392,0,0,0,53,92,2
5393,0,0,0,53,93,2
5394,0,0,0,53,94,2
5395,0,0,0,53,95,2
5396,0,0,0,53,96,2
5397,0,0,0,53,97,2
5398,0,0,0,53,98,2
5399,0,0,0,53,99,2
5400,0,0,0,54,0,2
5401,0,0,0,54,1,2
5402,0,0,0,54,2,2
5403,0,0,0,54,3,2
5404,0,0,0,54,4,2
5405,0,0,0,54,5,2
5406,0,0,0,54,6,2
5407,0,0,0,54,7,2
5408,0,0,0,54,8,2
5409,0,0,0,54,9,2
5410,0,0,0,54,10,2
5411,2,2,2,54,11,2
5412,8,8,8,54,12,2
5413,7,7,7,54,13,2
5414,8,8,8,54,14,2
5415,7,7,7,54,15,2
5416,52,52,52,54,16,3
5417,125,125,125,54,17,1
5418,136,136,136,54,18,1
5419,99,99,99,54,19,1
5420,135,135,135,54,20,1
5421,65,65,65,54,21,3
5422,12,12,12,54,22,8
5423,21,21,21,54,23,1
5424,58,58,58,54,24,3
5425,72,72,72,54,25,3
5426,78,78,78,54,26,3
5427,71,71,71,54,27,3
5428,68,68,68,54,28,3
5429,72,72,72,54,29,3
5430,70,70,70,54,30,3
5431,72,72,72,54,31,3
5432,80,80,80,54,32,3
5433,67,67,67,54,33,3
5434,68,68,68,54,34,3
5435,73,73,73,54,35,3
5436,76,76,76,54,36,3
5437,77,77,77,54,37,3
5438,77,77,77,54,38,3
5439,73,73,73,54,39,3
5440,75,75,75,54,40,3
5441,66,66,66,54,41,3
5442,66,66,66,54,42,3
5443,76,76,76,54,43,3
5444,80,80,80,54,44,3
5445,78,78,78,54,45,3
5446,77,77,77,54,46,3
5447,71,71,71,54,47,3
5448,71,71,71,54,48,3
5449,76,76,76,54,49,3
5450,77,77,77,54,50,3
5451,78,78,78,54,51,3
5452,79,79,79,54,52,3
5453,78,78,78,54,53,3
5454,70,70,70,54,54,3
5455,61,61,61,54,55,3
5456,72,72,72,54,56,3
5457,74,74,74,54,57,3
5458,74,74,74,54,58,3
5459,73,73,73,54,59,3
5460,73,73,73,54,60,3
5461,70,70,70,54,61,3
5462,71,71,71,54,62,3
5463,75,75,75,54,63,3
5464,83,83,83,54,64,1
5465,86,86,86,54,65,5
5466,56,56,56,54,66,3
5467,60,60,60,54,67,3
5468,68,68,68,54,68,3
5469,69,69,69,54,69,3
5470,74,74,74,54,70,3
5471,78,78,78,54,71,3
5472,72,72,72,54,72,3
5473,65,65,65,54,73,3
5474,54,54,54,54,74,3
5475,47,47,47,54,75,9
5476,32,32,32,54,76,1
5477,25,25,25,54,77,1
5478,35,35,35,54,78,6
5479,19,19,19,54,79,1
5480,32,32,32,54,80,1
5481,110,110,110,54,81,1
5482,156,156,156,54,82,1
5483,47,47,47,54,83,9
5484,8,8,8,54,84,2
5485,6,6,6,54,85,2
5486,7,7,7,54,86,2
5487,8,8,8,54,87,2
5488,6,6,6,54,88,2
5489,0,0,0,54,89,2
5490,0,0,0,54,90,2
5491,0,0,0,54,91,2
5492,0,0,0,54,92,2
5493,0,0,0,54,93,2
5494,0,0,0,54,94,2
5495,0,0,0,54,95,2
5496,0,0,0,54,96,2
5497,0,0,0,54,97,2
5498,0,0,0,54,98,2
5499,0,0,0,54,99,2
5500,0,0,0,55,0,2
5501,0,0,0,55,1,2
5502,0,0,0,55,2,2
5503,0,0,0,55,3,2
5504,0,0,0,55,4,2
5505,0,0,0,55,5,2
5506,0,0,0,55,6,2
5507,0,0,0,55,7,2
5508,0,0,0,55,8,2
5509,0,0,0,55,9,2
5510,0,0,0,55,10,2
5511,2,2,2,55,11,2
5512,6,6,6,55,12,2
5513,7,7,7,55,13,2
5514,7,7,7,55,14,2
5515,8,8,8,55,15,2
5516,54,54,54,55,16,3
5517,113,113,113,55,17,1
5518,145,145,145,55,18,1
5519,84,84,84,55,19,5
5520,123,123,123,55,20,1
5521,57,57,57,55,21,3
5522,15,15,15,55,22,10
5523,33,33,33,55,23,1
5524,61,61,61,55,24,3
5525,70,70,70,55,25,3
5526,70,70,70,55,26,3
5527,72,72,72,55,27,3
5528,74,74,74,55,28,3
5529,75,75,75,55,29,3
5530,77,77,77,55,30,3
5531,80,80,80,55,31,3
5532,79,79,79,55,32,3
5533,65,65,65,55,33,3
5534,73,73,73,55,34,3
5535,77,77,77,55,35,3
5536,76,76,76,55,36,3
5537,77,77,77,55,37,3
5538,75,75,75,55,38,3
5539,71,71,71,55,39,3
5540,78,78,78,55,40,3
5541,78,78,78,55,41,3
5542,77,77,77,55,42,3
5543,77,77,77,55,43,3
5544,82,82,82,55,44,3
5545,82,82,82,55,45,3
5546,77,77,77,55,46,3
5547,76,76,76,55,47,3
5548,79,79,79,55,48,3
5549,75,75,75,55,49,3
5550,59,59,59,55,50,3
5551,58,58,58,55,51,3
5552,64,64,64,55,52,3
5553,72,72,72,55,53,3
5554,61,61,61,55,54,3
5555,67,67,67,55,55,3
5556,79,79,79,55,56,3
5557,74,74,74,55,57,3
5558,74,74,74,55,58,3
5559,68,68,68,55,59,3
5560,72,72,72,55,60,3
5561,73,73,73,55,61,3
5562,75,75,75,55,62,3
5563,76,76,76,55,63,3
5564,76,76,76,55,64,3
5565,93,93,93,55,65,1
5566,76,76,76,55,66,3
5567,59,59,59,55,67,3
5568,72,72,72,55,68,3
5569,70,70,70,55,69,3
5570,73,73,73,55,70,3
5571,75,75,75,55,71,3
5572,68,68,68,55,72,3
5573,63,63,63,55,73,3
5574,72,72,72,55,74,3
5575,62,62,62,55,75,3
5576,35,35,35,55,76,6
5577,33,33,33,55,77,1
5578,30,30,30,55,78,4
5579,17,17,17,55,79,10
5580,50,50,50,55,80,3
5581,139,139,139,55,81,1
5582,144,144,144,55,82,1
5583,34,34,34,55,83,1
5584,6,6,6,55,84,2
5585,6,6,6,55,85,2
5586,7,7,7,55,86,2
5587,6,6,6,55,87,2
5588,6,6,6,55,88,2
5589,0,0,0,55,89,2
5590,0,0,0,55,90,2
5591,0,0,0,55,91,2
5592,0,0,0,55,92,2
5593,0,0,0,55,93,2
5594,0,0,0,55,94,2
5595,0,0,0,55,95,2
5596,0,0,0,55,96,2
5597,0,0,0,55,97,2
5598,0,0,0,55,98,2
5599,0,0,0,55,99,2
5600,0,0,0,56,0,2
5601,0,0,0,56,1,2
5602,0,0,0,56,2,2
5603,0,0,0,56,3,2
5604,0,0,0,56,4,2
5605,0,0,0,56,5,2
5606,0,0,0,56,6,2
5607,0,0,0,56,7,2
5608,0,0,0,56,8,2
5609,0,0,0,56,9,2
5610,0,0,0,56,10,2
5611,3,3,3,56,11,2
5612,7,7,7,56,12,2
5613,6,6,6,56,13,2
5614,7,7,7,56,14,2
5615,11,11,11,56,15,2
5616,65,65,65,56,16,3
5617,100,100,100,56,17,1
5618,146,146,146,56,18,1
5619,94,94,94,56,19,1
5620,103,103,103,56,20,1
5621,45,45,45,56,21,9
5622,35,35,35,56,22,6
5623,53,53,53,56,23,3
5624,74,74,74,56,24,3
5625,71,71,71,56,25,3
5626,67,67,67,56,26,3
5627,70,70,70,56,27,3
5628,74,74,74,56,28,3
5629,79,79,79,56,29,3
5630,83,83,83,56,30,1
5631,78,78,78,56,31,3
5632,70,70,70,56,32,3
5633,68,68,68,56,33,3
5634,77,77,77,56,34,3
5635,75,75,75,56,35,3
5636,76,76,76,56,36,3
5637,75,75,75,56,37,3
5638,77,77,77,56,38,3
5639,73,73,73,56,39,3
5640,72,72,72,56,40,3
5641,76,76,76,56,41,3
5642,74,74,74,56,42,3
5643,75,75,75,56,43,3
5644,78,78,78,56,44,3
5645,82,82,82,56,45,3
5646,66,66,66,56,46,3
5647,73,73,73,56,47,3
5648,73,73,73,56,48,3
5649,52,52,52,56,49,3
5650,40,40,40,56,50,7
5651,36,36,36,56,51,6
5652,46,46,46,56,52,9
5653,68,68,68,56,53,3
5654,73,73,73,56,54,3
5655,79,79,79,56,55,3
5656,79,79,79,56,56,3
5657,72,72,72,56,57,3
5658,74,74,74,56,58,3
5659,71,71,71,56,59,3
5660,72,72,72,56,60,3
5661,71,71,71,56,61,3
5662,75,75,75,56,62,3
5663,74,74,74,56,63,3
5664,71,71,71,56,64,3
5665,72,72,72,56,65,3
5666,84,84,84,56,66,5
5667,81,81,81,56,67,3
5668,71,71,71,56,68,3
5669,71,71,71,56,69,3
5670,73,73,73,56,70,3
5671,74,74,74,56,71,3
5672,63,63,63,56,72,3
5673,50,50,50,56,73,3
5674,58,58,58,56,74,3
5675,82,82,82,56,75,3
5676,41,41,41,56,76,7
5677,39,39,39,56,77,7
5678,63,63,63,56,78,3
5679,21,21,21,56,79,1
5680,64,64,64,56,80,3
5681,154,154,154,56,81,1
5682,124,124,124,56,82,1
5683,25,25,25,56,83,1
5684,6,6,6,56,84,2
5685,8,8,8,56,85,2
5686,7,7,7,56,86,2
5687,7,7,7,56,87,2
5688,7,7,7,56,88,2
5689,0,0,0,56,89,2
5690,0,0,0,56,90,2
5691,0,0,0,56,91,2
5692,0,0,0,56,92,2
5693,0,0,0,56,93,2
5694,0,0,0,56,94,2
5695,0,0,0,56,95,2
5696,0,0,0,56,96,2
5697,0,0,0,56,97,2
5698,0,0,0,56,98,2
5699,0,0,0,56,99,2
5700,0,0,0,57,0,2
5701,0,0,0,57,1,2
5702,0,0,0,57,2,2
5703,0,0,0,57,3,2
5704,0,0,0,57,4,2
5705,0,0,0,57,5,2
5706,0,0,0,57,6,2
5707,0,0,0,57,7,2
5708,0,0,0,57,8,2
5709,0,0,0,57,9,2
5710,0,0,0,57,10,2
5711,2,2,2,57,11,2
5712,8,8,8,57,12,2
5713,7,7,7,57,13,2
5714,6,6,6,57,14,2
5715,9,9,9,57,15,2
5716,66,66,66,57,16,3
5717,100,100,100,57,17,1
5718,142,142,142,57,18,1
5719,116,116,116,57,19,1
5720,96,96,96,57,20,1
5721,41,41,41,57,21,7
5722,53,53,53,57,22,3
5723,54,54,54,57,23,3
5724,69,69,69,57,24,3
5725,71,71,71,57,25,3
5726,69,69,69,57,26,3
5727,68,68,68,57,27,3
5728,71,71,71,57,28,3
5729,76,76,76,57,29,3
5730,77,77,77,57,30,3
5731,72,72,72,57,31,3
5732,65,65,65,57,32,3
5733,74,74,74,57,33,3
5734,76,76,76,57,34,3
5735,71,71,71,57,35,3
5736,70,70,70,57,36,3
5737,67,67,67,57,37,3
5738,65,65,65,57,38,3
5739,71,71,71,57,39,3
5740,73,73,73,57,40,3
5741,76,76,76,57,41,3
5742,77,77,77,57,42,3
5743,78,78,78,57,43,3
5744,79,79,79,57,44,3
5745,80,80,80,57,45,3
5746,71,71,71,57,46,3
5747,67,67,67,57,47,3
5748,68,68,68,57,48,3
5749,55,55,55,57,49,3
5750,50,50,50,57,50,3
5751,52,52,52,57,51,3
5752,64,64,64,57,52,3
5753,73,73,73,57,53,3
5754,78,78,78,57,54,3
5755,79,79,79,57,55,3
5756,77,77,77,57,56,3
5757,74,74,74,57,57,3
5758,74,74,74,57,58,3
5759,75,75,75,57,59,3
5760,71,71,71,57,60,3
5761,71,71,71,57,61,3
5762,77,77,77,57,62,3
5763,75,75,75,57,63,3
5764,67,67,67,57,64,3
5765,73,73,73,57,65,3
5766,72,72,72,57,66,3
5767,84,84,84,57,67,5
5768,75,75,75,57,68,3
5769,75,75,75,57,69,3
5770,76,76,76,57,70,3
5771,73,73,73,57,71,3
5772,61,61,61,57,72,3
5773,52,52,52,57,73,3
5774,58,58,58,57,74,3
5775,84,84,84,57,75,5
5776,47,47,47,57,76,9
5777,73,73,73,57,77,3
5778,55,55,55,57,78,3
5779,27,27,27,57,79,1
5780,79,79,79,57,80,3
5781,173,173,173,57,81,1
5782,104,104,104,57,82,1
5783,18,18,18,57,83,10
5784,6,6,6,57,84,2
5785,8,8,8,57,85,2
5786,7,7,7,57,86,2
5787,6,6,6,57,87,2
5788,5,5,5,57,88,2
5789,0,0,0,57,89,2
5790,0,0,0,57,90,2
5791,0,0,0,57,91,2
5792,0,0,0,57,92,2
5793,0,0,0,57,93,2
5794,0,0,0,57,94,2
5795,0,0,0,57,95,2
5796,0,0,0,57,96,2
5797,0,0,0,57,97,2
5798,0,0,0,57,98,2
5799,0,0,0,57,99,2
5800,0,0,0,58,0,2
5801,0,0,0,58,1,2
5802,0,0,0,58,2,2
5803,0,0,0,58,3,2
5804,0,0,0,58,4,2
5805,0,0,0,58,5,2
5806,0,0,0,58,6,2
5807,0,0,0,58,7,2
5808,0,0,0,58,8,2
5809,0,0,0,58,9,2
5810,0,0,0,58,10,2
5811,3,3,3,58,11,2
5812,7,7,7,58,12,2
5813,7,7,7,58,13,2
5814,6,6,6,58,14,2
5815,8,8,8,58,15,2
5816,55,55,55,58,16,3
5817,91,91,91,58,17,1
5818,137,137,137,58,18,1
5819,128,128,128,58,19,1
5820,94,94,94,58,20,1
5821,41,41,41,58,21,7
5822,33,33,33,58,22,1
5823,31,31,31,58,23,4
5824,58,58,58,58,24,3
5825,74,74,74,58,25,3
5826,72,72,72,58,26,3
5827,73,73,73,58,27,3
5828,76,76,76,58,28,3
5829,79,79,79,58,29,3
5830,75,75,75,58,30,3
5831,60,60,60,58,31,3
5832,68,68,68,58,32,3
5833,74,74,74,58,33,3
5834,78,78,78,58,34,3
5835,73,73,73,58,35,3
5836,72,72,72,58,36,3
5837,73,73,73,58,37,3
5838,71,71,71,58,38,3
5839,75,75,75,58,39,3
5840,74,74,74,58,40,3
5841,72,72,72,58,41,3
5842,75,75,75,58,42,3
5843,79,79,79,58,43,3
5844,79,79,79,58,44,3
5845,80,80,80,58,45,3
5846,79,79,79,58,46,3
5847,76,76,76,58,47,3
5848,72,72,72,58,48,3
5849,72,72,72,58,49,3
5850,77,77,77,58,50,3
5851,78,78,78,58,51,3
5852,78,78,78,58,52,3
5853,77,77,77,58,53,3
5854,79,79,79,58,54,3
5855,83,83,83,58,55,1
5856,79,79,79,58,56,3
5857,74,74,74,58,57,3
5858,75,75,75,58,58,3
5859,76,76,76,58,59,3
5860,71,71,71,58,60,3
5861,72,72,72,58,61,3
5862,76,76,76,58,62,3
5863,71,71,71,58,63,3
5864,73,73,73,58,64,3
5865,70,70,70,58,65,3
5866,58,58,58,58,66,3
5867,71,71,71,58,67,3
5868,78,78,78,58,68,3
5869,74,74,74,58,69,3
5870,75,75,75,58,70,3
5871,74,74,74,58,71,3
5872,77,77,77,58,72,3
5873,85,85,85,58,73,5
5874,76,76,76,58,74,3
5875,91,91,91,58,75,1
5876,53,53,53,58,76,3
5877,84,84,84,58,77,5
5878,48,48,48,58,78,9
5879,24,24,24,58,79,1
5880,83,83,83,58,80,1
5881,183,183,183,58,81,1
5882,103,103,103,58,82,1
5883,21,21,21,58,83,1
5884,5,5,5,58,84,2
5885,7,7,7,58,85,2
5886,6,6,6,58,86,2
5887,7,7,7,58,87,2
5888,5,5,5,58,88,2
5889,0,0,0,58,89,2
5890,0,0,0,58,90,2
5891,0,0,0,58,91,2
5892,0,0,0,58,92,2
5893,0,0,0,58,93,2
5894,0,0,0,58,94,2
5895,0,0,0,58,95,2
5896,0,0,0,58,96,2
5897,0,0,0,58,97,2
5898,0,0,0,58,98,2
5899,0,0,0,58,99,2
5900,0,0,0,59,0,2
5901,0,0,0,59,1,2
5902,0,0,0,59,2,2
5903,0,0,0,59,3,2
5904,0,0,0,59,4,2
5905,0,0,0,59,5,2
5906,0,0,0,59,6,2
5907,0,0,0,59,7,2
5908,0,0,0,59,8,2
5909,0,0,0,59,9,2
5910,0,0,0,59,10,2
5911,3,3,3,59,11,2
5912,7,7,7,59,12,2
5913,6,6,6,59,13,2
5914,7,7,7,59,14,2
5915,6,6,6,59,15,2
5916,38,38,38,59,16,6
5917,83,83,83,59,17,1
5918,123,123,123,59,18,1
5919,137,137,137,59,19,1
5920,89,89,89,59,20,1
5921,50,50,50,59,21,3
5922,8,8,8,59,22,2
5923,19,19,19,59,23,1
5924,38,38,38,59,24,6
5925,71,71,71,59,25,3
5926,68,68,68,59,26,3
5927,70,70,70,59,27,3
5928,73,73,73,59,28,3
5929,77,77,77,59,29,3
5930,72,72,72,59,30,3
5931,62,62,62,59,31,3
5932,70,70,70,59,32,3
5933,72,72,72,59,33,3
5934,75,75,75,59,34,3
5935,74,74,74,59,35,3
5936,73,73,73,59,36,3
5937,77,77,77,59,37,3
5938,74,74,74,59,38,3
5939,74,74,74,59,39,3
5940,69,69,69,59,40,3
5941,73,73,73,59,41,3
5942,75,75,75,59,42,3
5943,78,78,78,59,43,3
5944,79,79,79,59,44,3
5945,77,77,77,59,45,3
5946,77,77,77,59,46,3
5947,78,78,78,59,47,3
5948,77,77,77,59,48,3
5949,79,79,79,59,49,3
5950,79,79,79,59,50,3
5951,80,80,80,59,51,3
5952,77,77,77,59,52,3
5953,79,79,79,59,53,3
5954,82,82,82,59,54,3
5955,81,81,81,59,55,3
5956,78,78,78,59,56,3
5957,77,77,77,59,57,3
5958,76,76,76,59,58,3
5959,73,73,73,59,59,3
5960,72,72,72,59,60,3
5961,76,76,76,59,61,3
5962,73,73,73,59,62,3
5963,68,68,68,59,63,3
5964,75,75,75,59,64,3
5965,68,68,68,59,65,3
5966,63,63,63,59,66,3
5967,70,70,70,59,67,3
5968,73,73,73,59,68,3
5969,71,71,71,59,69,3
5970,78,78,78,59,70,3
5971,71,71,71,59,71,3
5972,86,86,86,59,72,5
5973,120,120,120,59,73,1
5974,82,82,82,59,74,3
5975,103,103,103,59,75,1
5976,55,55,55,59,76,3
5977,79,79,79,59,77,3
5978,28,28,28,59,78,1
5979,28,28,28,59,79,1
5980,112,112,112,59,80,1
5981,184,184,184,59,81,1
5982,105,105,105,59,82,1
5983,31,31,31,59,83,4
5984,5,5,5,59,84,2
5985,7,7,7,59,85,2
5986,7,7,7,59,86,2
5987,6,6,6,59,87,2
5988,5,5,5,59,88,2
5989,0,0,0,59,89,2
5990,0,0,0,59,90,2
5991,0,0,0,59,91,2
5992,0,0,0,59,92,2
5993,0,0,0,59,93,2
5994,0,0,0,59,94,2
5995,0,0,0,59,95,2
5996,0,0,0,59,96,2
5997,0,0,0,59,97,2
5998,0,0,0,59,98,2
5999,0,0,0,59,99,2
6000,0,0,0,60,0,2
6001,0,0,0,60,1,2
6002,0,0,0,60,2,2
6003,0,0,0,60,3,2
6004,0,0,0,60,4,2
6005,0,0,0,60,5,2
6006,0,0,0,60,6,2
6007,0,0,0,60,7,2
6008,0,0,0,60,8,2
6009,0,0,0,60,9,2
6010,0,0,0,60,10,2
6011,3,3,3,60,11,2
6012,7,7,7,60,12,2
6013,7,7,7,60,13,2
6014,7,7,7,60,14,2
6015,6,6,6,60,15,2
6016,19,19,19,60,16,1
6017,67,67,67,60,17,3
6018,103,103,103,60,18,1
6019,164,164,164,60,19,1
6020,94,94,94,60,20,1
6021,59,59,59,60,21,3
6022,9,9,9,60,22,2
6023,18,18,18,60,23,10
6024,31,31,31,60,24,4
6025,65,65,65,60,25,3
6026,67,67,67,60,26,3
6027,65,65,65,60,27,3
6028,67,67,67,60,28,3
6029,74,74,74,60,29,3
6030,76,76,76,60,30,3
6031,70,70,70,60,31,3
6032,67,67,67,60,32,3
6033,73,73,73,60,33,3
6034,77,77,77,60,34,3
6035,70,70,70,60,35,3
6036,68,68,68,60,36,3
6037,72,72,72,60,37,3
6038,78,78,78,60,38,3
6039,76,76,76,60,39,3
6040,74,74,74,60,40,3
6041,75,75,75,60,41,3
6042,76,76,76,60,42,3
6043,75,75,75,60,43,3
6044,77,77,77,60,44,3
6045,78,78,78,60,45,3
6046,76,76,76,60,46,3
6047,79,79,79,60,47,3
6048,81,81,81,60,48,3
6049,81,81,81,60,49,3
6050,81,81,81,60,50,3
6051,82,82,82,60,51,3
6052,78,78,78,60,52,3
6053,81,81,81,60,53,3
6054,82,82,82,60,54,3
6055,78,78,78,60,55,3
6056,75,75,75,60,56,3
6057,76,76,76,60,57,3
6058,79,79,79,60,58,3
6059,73,73,73,60,59,3
6060,73,73,73,60,60,3
6061,72,72,72,60,61,3
6062,72,72,72,60,62,3
6063,72,72,72,60,63,3
6064,70,70,70,60,64,3
6065,71,71,71,60,65,3
6066,69,69,69,60,66,3
6067,69,69,69,60,67,3
6068,68,68,68,60,68,3
6069,72,72,72,60,69,3
6070,72,72,72,60,70,3
6071,62,62,62,60,71,3
6072,62,62,62,60,72,3
6073,84,84,84,60,73,5
6074,83,83,83,60,74,1
6075,110,110,110,60,75,1
6076,52,52,52,60,76,3
6077,81,81,81,60,77,3
6078,17,17,17,60,78,10
6079,44,44,44,60,79,11
6080,139,139,139,60,80,1
6081,175,175,175,60,81,1
6082,99,99,99,60,82,1
6083,35,35,35,60,83,6
6084,6,6,6,60,84,2
6085,6,6,6,60,85,2
6086,7,7,7,60,86,2
6087,6,6,6,60,87,2
6088,5,5,5,60,88,2
6089,0,0,0,60,89,2
6090,0,0,0,60,90,2
6091,0,0,0,60,91,2
6092,0,0,0,60,92,2
6093,0,0,0,60,93,2
6094,0,0,0,60,94,2
6095,0,0,0,60,95,2
6096,0,0,0,60,96,2
6097,0,0,0,60,97,2
6098,0,0,0,60,98,2
6099,0,0,0,60,99,2
6100,0,0,0,61,0,2
6101,0,0,0,61,1,2
6102,0,0,0,61,2,2
6103,0,0,0,61,3,2
6104,0,0,0,61,4,2
6105,0,0,0,61,5,2
6106,0,0,0,61,6,2
6107,0,0,0,61,7,2
6108,0,0,0,61,8,2
6109,0,0,0,61,9,2
6110,0,0,0,61,10,2
6111,2,2,2,61,11,2
6112,6,6,6,61,12,2
6113,7,7,7,61,13,2
6114,7,7,7,61,14,2
6115,6,6,6,61,15,2
6116,8,8,8,61,16,2
6117,40,40,40,61,17,7
6118,79,79,79,61,18,3
6119,169,169,169,61,19,1
6120,104,104,104,61,20,1
6121,68,68,68,61,21,3
6122,19,19,19,61,22,1
6123,15,15,15,61,23,10
6124,26,26,26,61,24,1
6125,57,57,57,61,25,3
6126,61,61,61,61,26,3
6127,58,58,58,61,27,3
6128,61,61,61,61,28,3
6129,69,69,69,61,29,3
6130,78,78,78,61,30,3
6131,74,74,74,61,31,3
6132,67,67,67,61,32,3
6133,68,68,68,61,33,3
6134,76,76,76,61,34,3
6135,72,72,72,61,35,3
6136,61,61,61,61,36,3
6137,73,73,73,61,37,3
6138,80,80,80,61,38,3
6139,73,73,73,61,39,3
6140,73,73,73,61,40,3
6141,82,82,82,61,41,3
6142,75,75,75,61,42,3
6143,74,74,74,61,43,3
6144,75,75,75,61,44,3
6145,78,78,78,61,45,3
6146,77,77,77,61,46,3
6147,79,79,79,61,47,3
6148,82,82,82,61,48,3
6149,80,80,80,61,49,3
6150,80,80,80,61,50,3
6151,82,82,82,61,51,3
6152,80,80,80,61,52,3
6153,81,81,81,61,53,3
6154,79,79,79,61,54,3
6155,77,77,77,61,55,3
6156,76,76,76,61,56,3
6157,77,77,77,61,57,3
6158,76,76,76,61,58,3
6159,73,73,73,61,59,3
6160,73,73,73,61,60,3
6161,72,72,72,61,61,3
6162,68,68,68,61,62,3
6163,76,76,76,61,63,3
6164,70,70,70,61,64,3
6165,68,68,68,61,65,3
6166,72,72,72,61,66,3
6167,69,69,69,61,67,3
6168,72,72,72,61,68,3
6169,73,73,73,61,69,3
6170,67,67,67,61,70,3
6171,54,54,54,61,71,3
6172,61,61,61,61,72,3
6173,73,73,73,61,73,3
6174,91,91,91,61,74,1
6175,72,72,72,61,75,3
6176,65,65,65,61,76,3
6177,78,78,78,61,77,3
6178,21,21,21,61,78,1
6179,63,63,63,61,79,3
6180,131,131,131,61,80,1
6181,167,167,167,61,81,1
6182,101,101,101,61,82,1
6183,36,36,36,61,83,6
6184,4,4,4,61,84,2
6185,7,7,7,61,85,2
6186,7,7,7,61,86,2
6187,6,6,6,61,87,2
6188,4,4,4,61,88,2
6189,0,0,0,61,89,2
6190,0,0,0,61,90,2
6191,0,0,0,61,91,2
6192,0,0,0,61,92,2
6193,0,0,0,61,93,2
6194,0,0,0,61,94,2
6195,0,0,0,61,95,2
6196,0,0,0,61,96,2
6197,0,0,0,61,97,2
6198,0,0,0,61,98,2
6199,0,0,0,61,99,2
6200,0,0,0,62,0,2
6201,0,0,0,62,1,2
6202,0,0,0,62,2,2
6203,0,0,0,62,3,2
6204,0,0,0,62,4,2
6205,0,0,0,62,5,2
6206,0,0,0,62,6,2
6207,0,0,0,62,7,2
6208,0,0,0,62,8,2
6209,0,0,0,62,9,2
6210,0,0,0,62,10,2
6211,2,2,2,62,11,2
6212,6,6,6,62,12,2
6213,6,6,6,62,13,2
6214,7,7,7,62,14,2
6215,7,7,7,62,15,2
6216,6,6,6,62,16,2
6217,16,16,16,62,17,10
6218,56,56,56,62,18,3
6219,145,145,145,62,19,1
6220,150,150,150,62,20,1
6221,72,72,72,62,21,3
6222,31,31,31,62,22,4
6223,14,14,14,62,23,8
6224,19,19,19,62,24,1
6225,51,51,51,62,25,3
6226,64,64,64,62,26,3
6227,56,56,56,62,27,3
6228,58,58,58,62,28,3
6229,65,65,65,62,29,3
6230,71,71,71,62,30,3
6231,75,75,75,62,31,3
6232,66,66,66,62,32,3
6233,64,64,64,62,33,3
6234,72,72,72,62,34,3
6235,72,72,72,62,35,3
6236,75,75,75,62,36,3
6237,77,77,77,62,37,3
6238,75,75,75,62,38,3
6239,70,70,70,62,39,3
6240,70,70,70,62,40,3
6241,75,75,75,62,41,3
6242,77,77,77,62,42,3
6243,70,70,70,62,43,3
6244,73,73,73,62,44,3
6245,77,77,77,62,45,3
6246,78,78,78,62,46,3
6247,78,78,78,62,47,3
6248,80,80,80,62,48,3
6249,82,82,82,62,49,3
6250,80,80,80,62,50,3
6251,83,83,83,62,51,1
6252,81,81,81,62,52,3
6253,78,78,78,62,53,3
6254,76,76,76,62,54,3
6255,77,77,77,62,55,3
6256,78,78,78,62,56,3
6257,75,75,75,62,57,3
6258,74,74,74,62,58,3
6259,78,78,78,62,59,3
6260,71,71,71,62,60,3
6261,68,68,68,62,61,3
6262,75,75,75,62,62,3
6263,76,76,76,62,63,3
6264,69,69,69,62,64,3
6265,73,73,73,62,65,3
6266,73,73,73,62,66,3
6267,70,70,70,62,67,3
6268,66,66,66,62,68,3
6269,78,78,78,62,69,3
6270,95,95,95,62,70,1
6271,126,126,126,62,71,1
6272,107,107,107,62,72,1
6273,82,82,82,62,73,3
6274,80,80,80,62,74,3
6275,43,43,43,62,75,11
6276,88,88,88,62,76,1
6277,51,51,51,62,77,3
6278,42,42,42,62,78,11
6279,98,98,98,62,79,1
6280,112,112,112,62,80,1
6281,132,132,132,62,81,1
6282,109,109,109,62,82,1
6283,36,36,36,62,83,6
6284,7,7,7,62,84,2
6285,6,6,6,62,85,2
6286,7,7,7,62,86,2
6287,8,8,8,62,87,2
6288,5,5,5,62,88,2
6289,0,0,0,62,89,2
6290,0,0,0,62,90,2
6291,0,0,0,62,91,2
6292,0,0,0,62,92,2
6293,0,0,0,62,93,2
6294,0,0,0,62,94,2
6295,0,0,0,62,95,2
6296,0,0,0,62,96,2
6297,0,0,0,62,97,2
6298,0,0,0,62,98,2
6299,0,0,0,62,99,2
6300,0,0,0,63,0,2
6301,0,0,0,63,1,2
6302,0,0,0,63,2,2
6303,0,0,0,63,3,2
6304,0,0,0,63,4,2
6305,0,0,0,63,5,2
6306,0,0,0,63,6,2
6307,0,0,0,63,7,2
6308,0,0,0,63,8,2
6309,0,0,0,63,9,2
6310,0,0,0,63,10,2
6311,2,2,2,63,11,2
6312,7,7,7,63,12,2
6313,7,7,7,63,13,2
6314,7,7,7,63,14,2
6315,6,6,6,63,15,2
6316,6,6,6,63,16,2
6317,6,6,6,63,17,2
6318,39,39,39,63,18,7
6319,116,116,116,63,19,1
6320,184,184,184,63,20,1
6321,90,90,90,63,21,1
6322,47,47,47,63,22,9
6323,15,15,15,63,23,10
6324,37,37,37,63,24,6
6325,39,39,39,63,25,7
6326,65,65,65,63,26,3
6327,58,58,58,63,27,3
6328,59,59,59,63,28,3
6329,62,62,62,63,29,3
6330,69,69,69,63,30,3
6331,75,75,75,63,31,3
6332,67,67,67,63,32,3
6333,62,62,62,63,33,3
6334,66,66,66,63,34,3
6335,70,70,70,63,35,3
6336,76,76,76,63,36,3
6337,71,71,71,63,37,3
6338,68,68,68,63,38,3
6339,72,72,72,63,39,3
6340,73,73,73,63,40,3
6341,70,70,70,63,41,3
6342,69,69,69,63,42,3
6343,75,75,75,63,43,3
6344,76,76,76,63,44,3
6345,75,75,75,63,45,3
6346,78,78,78,63,46,3
6347,79,79,79,63,47,3
6348,80,80,80,63,48,3
6349,80,80,80,63,49,3
6350,82,82,82,63,50,3
6351,80,80,80,63,51,3
6352,81,81,81,63,52,3
6353,81,81,81,63,53,3
6354,80,80,80,63,54,3
6355,81,81,81,63,55,3
6356,74,74,74,63,56,3
6357,66,66,66,63,57,3
6358,73,73,73,63,58,3
6359,71,71,71,63,59,3
6360,67,67,67,63,60,3
6361,69,69,69,63,61,3
6362,78,78,78,63,62,3
6363,73,73,73,63,63,3
6364,68,68,68,63,64,3
6365,72,72,72,63,65,3
6366,75,75,75,63,66,3
6367,77,77,77,63,67,3
6368,76,76,76,63,68,3
6369,90,90,90,63,69,1
6370,119,119,119,63,70,1
6371,123,123,123,63,71,1
6372,79,79,79,63,72,3
6373,81,81,81,63,73,3
6374,39,39,39,63,74,7
6375,49,49,49,63,75,1
6376,83,83,83,63,76,1
6377,25,25,25,63,77,1
6378,57,57,57,63,78,3
6379,154,154,154,63,79,1
6380,177,177,177,63,80,1
6381,123,123,123,63,81,1
6382,87,87,87,63,82,5
6383,26,26,26,63,83,1
6384,5,5,5,63,84,2
6385,6,6,6,63,85,2
6386,7,7,7,63,86,2
6387,6,6,6,63,87,2
6388,5,5,5,63,88,2
6389,0,0,0,63,89,2
6390,0,0,0,63,90,2
6391,0,0,0,63,91,2
6392,0,0,0,63,92,2
6393,0,0,0,63,93,2
6394,0,0,0,63,94,2
6395,0,0,0,63,95,2
6396,0,0,0,63,96,2
6397,0,0,0,63,97,2
6398,0,0,0,63,98,2
6399,0,0,0,63,99,2
6400,0,0,0,64,0,2
6401,0,0,0,64,1,2
6402,0,0,0,64,2,2
6403,0,0,0,64,3,2
6404,0,0,0,64,4,2
6405,0,0,0,64,5,2
6406,0,0,0,64,6,2
6407,0,0,0,64,7,2
6408,0,0,0,64,8,2
6409,0,0,0,64,9,2
6410,0,0,0,64,10,2
6411,2,2,2,64,11,2
6412,6,6,6,64,12,2
6413,6,6,6,64,13,2
6414,5,5,5,64,14,2
6415,6,6,6,64,15,2
6416,6,6,6,64,16,2
6417,4,4,4,64,17,2
6418,31,31,31,64,18,4
6419,95,95,95,64,19,1
6420,178,178,178,64,20,1
6421,112,112,112,64,21,1
6422,66,66,66,64,22,3
6423,18,18,18,64,23,10
6424,54,54,54,64,24,3
6425,41,41,41,64,25,7
6426,48,48,48,64,26,9
6427,56,56,56,64,27,3
6428,53,53,53,64,28,3
6429,59,59,59,64,29,3
6430,65,65,65,64,30,3
6431,71,71,71,64,31,3
6432,70,70,70,64,32,3
6433,68,68,68,64,33,3
6434,60,60,60,64,34,3
6435,52,52,52,64,35,3
6436,68,68,68,64,36,3
6437,73,73,73,64,37,3
6438,65,65,65,64,38,3
6439,70,70,70,64,39,3
6440,71,71,71,64,40,3
6441,74,74,74,64,41,3
6442,74,74,74,64,42,3
6443,71,71,71,64,43,3
6444,76,76,76,64,44,3
6445,78,78,78,64,45,3
6446,76,76,76,64,46,3
6447,76,76,76,64,47,3
6448,75,75,75,64,48,3
6449,81,81,81,64,49,3
6450,80,80,80,64,50,3
6451,74,74,74,64,51,3
6452,73,73,73,64,52,3
6453,78,78,78,64,53,3
6454,80,80,80,64,54,3
6455,70,70,70,64,55,3
6456,66,66,66,64,56,3
6457,73,73,73,64,57,3
6458,74,74,74,64,58,3
6459,66,66,66,64,59,3
6460,71,71,71,64,60,3
6461,76,76,76,64,61,3
6462,75,75,75,64,62,3
6463,73,73,73,64,63,3
6464,76,76,76,64,64,3
6465,87,87,87,64,65,5
6466,87,87,87,64,66,5
6467,79,79,79,64,67,3
6468,70,70,70,64,68,3
6469,68,68,68,64,69,3
6470,76,76,76,64,70,3
6471,118,118,118,64,71,1
6472,98,98,98,64,72,1
6473,59,59,59,64,73,3
6474,42,42,42,64,74,11
6475,84,84,84,64,75,5
6476,65,65,65,64,76,3
6477,24,24,24,64,77,1
6478,88,88,88,64,78,1
6479,165,165,165,64,79,1
6480,146,146,146,64,80,1
6481,124,124,124,64,81,1
6482,72,72,72,64,82,3
6483,15,15,15,64,83,10
6484,6,6,6,64,84,2
6485,8,8,8,64,85,2
6486,6,6,6,64,86,2
6487,6,6,6,64,87,2
6488,4,4,4,64,88,2
6489,0,0,0,64,89,2
6490,0,0,0,64,90,2
6491,0,0,0,64,91,2
6492,0,0,0,64,92,2
6493,0,0,0,64,93,2
6494,0,0,0,64,94,2
6495,0,0,0,64,95,2
6496,0,0,0,64,96,2
6497,0,0,0,64,97,2
6498,0,0,0,64,98,2
6499,0,0,0,64,99,2
6500,0,0,0,65,0,2
6501,0,0,0,65,1,2
6502,0,0,0,65,2,2
6503,0,0,0,65,3,2
6504,0,0,0,65,4,2
6505,0,0,0,65,5,2
6506,0,0,0,65,6,2
6507,0,0,0,65,7,2
6508,0,0,0,65,8,2
6509,0,0,0,65,9,2
6510,0,0,0,65,10,2
6511,2,2,2,65,11,2
6512,7,7,7,65,12,2
6513,7,7,7,65,13,2
6514,6,6,6,65,14,2
6515,7,7,7,65,15,2
6516,6,6,6,65,16,2
6517,5,5,5,65,17,2
6518,24,24,24,65,18,1
6519,78,78,78,65,19,3
6520,158,158,158,65,20,1
6521,139,139,139,65,21,1
6522,72,72,72,65,22,3
6523,56,56,56,65,23,3
6524,17,17,17,65,24,10
6525,65,65,65,65,25,3
6526,47,47,47,65,26,9
6527,52,52,52,65,27,3
6528,70,70,70,65,28,3
6529,67,67,67,65,29,3
6530,61,61,61,65,30,3
6531,68,68,68,65,31,3
6532,68,68,68,65,32,3
6533,67,67,67,65,33,3
6534,59,59,59,65,34,3
6535,57,57,57,65,35,3
6536,88,88,88,65,36,1
6537,87,87,87,65,37,5
6538,76,76,76,65,38,3
6539,82,82,82,65,39,3
6540,75,75,75,65,40,3
6541,68,68,68,65,41,3
6542,76,76,76,65,42,3
6543,74,74,74,65,43,3
6544,68,68,68,65,44,3
6545,71,71,71,65,45,3
6546,76,76,76,65,46,3
6547,76,76,76,65,47,3
6548,76,76,76,65,48,3
6549,79,79,79,65,49,3
6550,74,74,74,65,50,3
6551,70,70,70,65,51,3
6552,72,72,72,65,52,3
6553,71,71,71,65,53,3
6554,64,64,64,65,54,3
6555,60,60,60,65,55,3
6556,75,75,75,65,56,3
6557,69,69,69,65,57,3
6558,66,66,66,65,58,3
6559,68,68,68,65,59,3
6560,80,80,80,65,60,3
6561,82,82,82,65,61,3
6562,84,84,84,65,62,5
6563,92,92,92,65,63,1
6564,89,89,89,65,64,1
6565,78,78,78,65,65,3
6566,62,62,62,65,66,3
6567,63,63,63,65,67,3
6568,69,69,69,65,68,3
6569,68,68,68,65,69,3
6570,64,64,64,65,70,3
6571,61,61,61,65,71,3
6572,59,59,59,65,72,3
6573,29,29,29,65,73,4
6574,38,38,38,65,74,6
6575,70,70,70,65,75,3
6576,16,16,16,65,76,10
6577,52,52,52,65,77,3
6578,138,138,138,65,78,1
6579,176,176,176,65,79,1
6580,139,139,139,65,80,1
6581,102,102,102,65,81,1
6582,46,46,46,65,82,9
6583,6,6,6,65,83,2
6584,7,7,7,65,84,2
6585,6,6,6,65,85,2
6586,6,6,6,65,86,2
6587,6,6,6,65,87,2
6588,4,4,4,65,88,2
6589,0,0,0,65,89,2
6590,0,0,0,65,90,2
6591,0,0,0,65,91,2
6592,0,0,0,65,92,2
6593,0,0,0,65,93,2
6594,0,0,0,65,94,2
6595,0,0,0,65,95,2
6596,0,0,0,65,96,2
6597,0,0,0,65,97,2
6598,0,0,0,65,98,2
6599,0,0,0,65,99,2
6600,0,0,0,66,0,2
6601,0,0,0,66,1,2
6602,0,0,0,66,2,2
6603,0,0,0,66,3,2
6604,0,0,0,66,4,2
6605,0,0,0,66,5,2
6606,0,0,0,66,6,2
6607,0,0,0,66,7,2
6608,0,0,0,66,8,2
6609,0,0,0,66,9,2
6610,0,0,0,66,10,2
6611,2,2,2,66,11,2
6612,6,6,6,66,12,2
6613,6,6,6,66,13,2
6614,6,6,6,66,14,2
6615,6,6,6,66,15,2
6616,7,7,7,66,16,2
6617,5,5,5,66,17,2
6618,16,16,16,66,18,10
6619,64,64,64,66,19,3
6620,145,145,145,66,20,1
6621,183,183,183,66,21,1
6622,81,81,81,66,22,3
6623,76,76,76,66,23,3
6624,25,25,25,66,24,1
6625,49,49,49,66,25,1
6626,81,81,81,66,26,3
6627,44,44,44,66,27,11
6628,78,78,78,66,28,3
6629,80,80,80,66,29,3
6630,80,80,80,66,30,3
6631,66,66,66,66,31,3
6632,64,64,64,66,32,3
6633,60,60,60,66,33,3
6634,61,61,61,66,34,3
6635,88,88,88,66,35,1
6636,91,91,91,66,36,1
6637,84,84,84,66,37,5
6638,73,73,73,66,38,3
6639,71,71,71,66,39,3
6640,85,85,85,66,40,5
6641,81,81,81,66,41,3
6642,68,68,68,66,42,3
6643,69,69,69,66,43,3
6644,73,73,73,66,44,3
6645,75,75,75,66,45,3
6646,68,68,68,66,46,3
6647,70,70,70,66,47,3
6648,71,71,71,66,48,3
6649,72,72,72,66,49,3
6650,69,69,69,66,50,3
6651,63,63,63,66,51,3
6652,61,61,61,66,52,3
6653,65,65,65,66,53,3
6654,64,64,64,66,54,3
6655,75,75,75,66,55,3
6656,66,66,66,66,56,3
6657,64,64,64,66,57,3
6658,71,71,71,66,58,3
6659,67,67,67,66,59,3
6660,72,72,72,66,60,3
6661,78,78,78,66,61,3
6662,73,73,73,66,62,3
6663,70,70,70,66,63,3
6664,67,67,67,66,64,3
6665,70,70,70,66,65,3
6666,71,71,71,66,66,3
6667,71,71,71,66,67,3
6668,73,73,73,66,68,3
6669,68,68,68,66,69,3
6670,66,66,66,66,70,3
6671,61,61,61,66,71,3
6672,42,42,42,66,72,11
6673,35,35,35,66,73,6
6674,39,39,39,66,74,7
6675,27,27,27,66,75,1
6676,9,9,9,66,76,2
6677,93,93,93,66,77,1
6678,173,173,173,66,78,1
6679,163,163,163,66,79,1
6680,115,115,115,66,80,1
6681,78,78,78,66,81,3
6682,23,23,23,66,82,1
6683,4,4,4,66,83,2
6684,7,7,7,66,84,2
6685,6,6,6,66,85,2
6686,6,6,6,66,86,2
6687,6,6,6,66,87,2
6688,5,5,5,66,88,2
6689,0,0,0,66,89,2
6690,0,0,0,66,90,2
6691,0,0,0,66,91,2
6692,0,0,0,66,92,2
6693,0,0,0,66,93,2
6694,0,0,0,66,94,2
6695,0,0,0,66,95,2
6696,0,0,0,66,96,2
6697,0,0,0,66,97,2
6698,0,0,0,66,98,2
6699,0,0,0,66,99,2
6700,0,0,0,67,0,2
6701,0,0,0,67,1,2
6702,0,0,0,67,2,2
6703,0,0,0,67,3,2
6704,0,0,0,67,4,2
6705,0,0,0,67,5,2
6706,0,0,0,67,6,2
6707,0,0,0,67,7,2
6708,0,0,0,67,8,2
6709,0,0,0,67,9,2
6710,0,0,0,67,10,2
6711,2,2,2,67,11,2
6712,6,6,6,67,12,2
6713,6,6,6,67,13,2
6714,6,6,6,67,14,2
6715,6,6,6,67,15,2
6716,7,7,7,67,16,2
6717,5,5,5,67,17,2
6718,8,8,8,67,18,2
6719,52,52,52,67,19,3
6720,94,94,94,67,20,1
6721,156,156,156,67,21,1
6722,134,134,134,67,22,1
6723,68,68,68,67,23,3
6724,63,63,63,67,24,3
6725,18,18,18,67,25,10
6726,93,93,93,67,26,1
6727,67,67,67,67,27,3
6728,67,67,67,67,28,3
6729,74,74,74,67,29,3
6730,74,74,74,67,30,3
6731,77,77,77,67,31,3
6732,60,60,60,67,32,3
6733,50,50,50,67,33,3
6734,68,68,68,67,34,3
6735,80,80,80,67,35,3
6736,75,75,75,67,36,3
6737,61,61,61,67,37,3
6738,61,61,61,67,38,3
6739,77,77,77,67,39,3
6740,82,82,82,67,40,3
6741,88,88,88,67,41,1
6742,83,83,83,67,42,1
6743,81,81,81,67,43,3
6744,76,76,76,67,44,3
6745,73,73,73,67,45,3
6746,75,75,75,67,46,3
6747,73,73,73,67,47,3
6748,65,65,65,67,48,3
6749,57,57,57,67,49,3
6750,46,46,46,67,50,9
6751,51,51,51,67,51,3
6752,57,57,57,67,52,3
6753,53,53,53,67,53,3
6754,68,68,68,67,54,3
6755,70,70,70,67,55,3
6756,63,63,63,67,56,3
6757,71,71,71,67,57,3
6758,66,66,66,67,58,3
6759,69,69,69,67,59,3
6760,68,68,68,67,60,3
6761,75,75,75,67,61,3
6762,62,62,62,67,62,3
6763,53,53,53,67,63,3
6764,69,69,69,67,64,3
6765,71,71,71,67,65,3
6766,73,73,73,67,66,3
6767,72,72,72,67,67,3
6768,69,69,69,67,68,3
6769,65,65,65,67,69,3
6770,65,65,65,67,70,3
6771,58,58,58,67,71,3
6772,31,31,31,67,72,4
6773,45,45,45,67,73,9
6774,35,35,35,67,74,6
6775,6,6,6,67,75,2
6776,42,42,42,67,76,11
6777,145,145,145,67,77,1
6778,164,164,164,67,78,1
6779,128,128,128,67,79,1
6780,112,112,112,67,80,1
6781,65,65,65,67,81,3
6782,9,9,9,67,82,2
6783,5,5,5,67,83,2
6784,7,7,7,67,84,2
6785,5,5,5,67,85,2
6786,6,6,6,67,86,2
6787,5,5,5,67,87,2
6788,4,4,4,67,88,2
6789,0,0,0,67,89,2
6790,0,0,0,67,90,2
6791,0,0,0,67,91,2
6792,0,0,0,67,92,2
6793,0,0,0,67,93,2
6794,0,0,0,67,94,2
6795,0,0,0,67,95,2
6796,0,0,0,67,96,2
6797,0,0,0,67,97,2
6798,0,0,0,67,98,2
6799,0,0,0,67,99,2
6800,0,0,0,68,0,2
6801,0,0,0,68,1,2
6802,0,0,0,68,2,2
6803,0,0,0,68,3,2
6804,0,0,0,68,4,2
6805,0,0,0,68,5,2
6806,0,0,0,68,6,2
6807,0,0,0,68,7,2
6808,0,0,0,68,8,2
6809,0,0,0,68,9,2
6810,0,0,0,68,10,2
6811,2,2,2,68,11,2
6812,6,6,6,68,12,2
6813,6,6,6,68,13,2
6814,8,8,8,68,14,2
6815,6,6,6,68,15,2
6816,6,6,6,68,16,2
6817,6,6,6,68,17,2
6818,4,4,4,68,18,2
6819,35,35,35,68,19,6
6820,80,80,80,68,20,3
6821,142,142,142,68,21,1
6822,199,199,199,68,22,1
6823,97,97,97,68,23,1
6824,63,63,63,68,24,3
6825,41,41,41,68,25,7
6826,38,38,38,68,26,6
6827,87,87,87,68,27,5
6828,57,57,57,68,28,3
6829,80,80,80,68,29,3
6830,70,70,70,68,30,3
6831,77,77,77,68,31,3
6832,77,77,77,68,32,3
6833,70,70,70,68,33,3
6834,72,72,72,68,34,3
6835,62,62,62,68,35,3
6836,62,62,62,68,36,3
6837,60,60,60,68,37,3
6838,75,75,75,68,38,3
6839,92,92,92,68,39,1
6840,92,92,92,68,40,1
6841,93,93,93,68,41,1
6842,83,83,83,68,42,1
6843,87,87,87,68,43,5
6844,81,81,81,68,44,3
6845,65,65,65,68,45,3
6846,64,64,64,68,46,3
6847,71,71,71,68,47,3
6848,76,76,76,68,48,3
6849,73,73,73,68,49,3
6850,51,51,51,68,50,3
6851,54,54,54,68,51,3
6852,64,64,64,68,52,3
6853,57,57,57,68,53,3
6854,56,56,56,68,54,3
6855,68,68,68,68,55,3
6856,65,65,65,68,56,3
6857,52,52,52,68,57,3
6858,61,61,61,68,58,3
6859,73,73,73,68,59,3
6860,70,70,70,68,60,3
6861,79,79,79,68,61,3
6862,66,66,66,68,62,3
6863,64,64,64,68,63,3
6864,71,71,71,68,64,3
6865,71,71,71,68,65,3
6866,71,71,71,68,66,3
6867,71,71,71,68,67,3
6868,65,65,65,68,68,3
6869,56,56,56,68,69,3
6870,55,55,55,68,70,3
6871,44,44,44,68,71,11
6872,22,22,22,68,72,1
6873,27,27,27,68,73,1
6874,18,18,18,68,74,10
6875,15,15,15,68,75,10
6876,92,92,92,68,76,1
6877,169,169,169,68,77,1
6878,162,162,162,68,78,1
6879,114,114,114,68,79,1
6880,87,87,87,68,80,5
6881,31,31,31,68,81,4
6882,4,4,4,68,82,2
6883,6,6,6,68,83,2
6884,7,7,7,68,84,2
6885,7,7,7,68,85,2
6886,6,6,6,68,86,2
6887,5,5,5,68,87,2
6888,4,4,4,68,88,2
6889,0,0,0,68,89,2
6890,0,0,0,68,90,2
6891,0,0,0,68,91,2
6892,0,0,0,68,92,2
6893,0,0,0,68,93,2
6894,0,0,0,68,94,2
6895,0,0,0,68,95,2
6896,0,0,0,68,96,2
6897,0,0,0,68,97,2
6898,0,0,0,68,98,2
6899,0,0,0,68,99,2
6900,0,0,0,69,0,2
6901,0,0,0,69,1,2
6902,0,0,0,69,2,2
6903,0,0,0,69,3,2
6904,0,0,0,69,4,2
6905,0,0,0,69,5,2
6906,0,0,0,69,6,2
6907,0,0,0,69,7,2
6908,0,0,0,69,8,2
6909,0,0,0,69,9,2
6910,0,0,0,69,10,2
6911,2,2,2,69,11,2
6912,7,7,7,69,12,2
6913,7,7,7,69,13,2
6914,7,7,7,69,14,2
6915,7,7,7,69,15,2
6916,6,6,6,69,16,2
6917,7,7,7,69,17,2
6918,5,5,5,69,18,2
6919,13,13,13,69,19,8
6920,65,65,65,69,20,3
6921,113,113,113,69,21,1
6922,178,178,178,69,22,1
6923,164,164,164,69,23,1
6924,84,84,84,69,24,5
6925,66,66,66,69,25,3
6926,23,23,23,69,26,1
6927,71,71,71,69,27,3
6928,79,79,79,69,28,3
6929,58,58,58,69,29,3
6930,84,84,84,69,30,5
6931,71,71,71,69,31,3
6932,80,80,80,69,32,3
6933,88,88,88,69,33,1
6934,98,98,98,69,34,1
6935,75,75,75,69,35,3
6936,61,61,61,69,36,3
6937,68,68,68,69,37,3
6938,75,75,75,69,38,3
6939,71,71,71,69,39,3
6940,86,86,86,69,40,5
6941,86,86,86,69,41,5
6942,77,77,77,69,42,3
6943,78,78,78,69,43,3
6944,78,78,78,69,44,3
6945,69,69,69,69,45,3
6946,66,66,66,69,46,3
6947,61,61,61,69,47,3
6948,64,64,64,69,48,3
6949,63,63,63,69,49,3
6950,66,66,66,69,50,3
6951,63,63,63,69,51,3
6952,67,67,67,69,52,3
6953,70,70,70,69,53,3
6954,62,62,62,69,54,3
6955,53,53,53,69,55,3
6956,49,49,49,69,56,1
6957,57,57,57,69,57,3
6958,69,69,69,69,58,3
6959,71,71,71,69,59,3
6960,68,68,68,69,60,3
6961,72,72,72,69,61,3
6962,66,66,66,69,62,3
6963,64,64,64,69,63,3
6964,70,70,70,69,64,3
6965,69,69,69,69,65,3
6966,69,69,69,69,66,3
6967,68,68,68,69,67,3
6968,64,64,64,69,68,3
6969,63,63,63,69,69,3
6970,57,57,57,69,70,3
6971,45,45,45,69,71,9
6972,31,31,31,69,72,4
6973,19,19,19,69,73,1
6974,24,24,24,69,74,1
6975,65,65,65,69,75,3
6976,131,131,131,69,76,1
6977,169,169,169,69,77,1
6978,126,126,126,69,78,1
6979,99,99,99,69,79,1
6980,48,48,48,69,80,9
6981,6,6,6,69,81,2
6982,5,5,5,69,82,2
6983,6,6,6,69,83,2
6984,6,6,6,69,84,2
6985,6,6,6,69,85,2
6986,7,7,7,69,86,2
6987,5,5,5,69,87,2
6988,3,3,3,69,88,2
6989,0,0,0,69,89,2
6990,0,0,0,69,90,2
6991,0,0,0,69,91,2
6992,0,0,0,69,92,2
6993,0,0,0,69,93,2
6994,0,0,0,69,94,2
6995,0,0,0,69,95,2
6996,0,0,0,69,96,2
6997,0,0,0,69,97,2
6998,0,0,0,69,98,2
6999,0,0,0,69,99,2
7000,0,0,0,70,0,2
7001,0,0,0,70,1,2
7002,0,0,0,70,2,2
7003,0,0,0,70,3,2
7004,0,0,0,70,4,2
7005,0,0,0,70,5,2
7006,0,0,0,70,6,2
7007,0,0,0,70,7,2
7008,0,0,0,70,8,2
7009,0,0,0,70,9,2
7010,0,0,0,70,10,2
7011,2,2,2,70,11,2
7012,7,7,7,70,12,2
7013,8,8,8,70,13,2
7014,7,7,7,70,14,2
7015,7,7,7,70,15,2
7016,7,7,7,70,16,2
7017,7,7,7,70,17,2
7018,8,8,8,70,18,2
7019,4,4,4,70,19,2
7020,42,42,42,70,20,11
7021,89,89,89,70,21,1
7022,145,145,145,70,22,1
7023,189,189,189,70,23,1
7024,147,147,147,70,24,1
7025,82,82,82,70,25,3
7026,56,56,56,70,26,3
7027,23,23,23,70,27,1
7028,94,94,94,70,28,1
7029,69,69,69,70,29,3
7030,64,64,64,70,30,3
7031,68,68,68,70,31,3
7032,61,61,61,70,32,3
7033,74,74,74,70,33,3
7034,87,87,87,70,34,5
7035,101,101,101,70,35,1
7036,88,88,88,70,36,1
7037,85,85,85,70,37,5
7038,74,74,74,70,38,3
7039,70,70,70,70,39,3
7040,71,71,71,70,40,3
7041,75,75,75,70,41,3
7042,66,66,66,70,42,3
7043,69,69,69,70,43,3
7044,76,76,76,70,44,3
7045,72,72,72,70,45,3
7046,67,67,67,70,46,3
7047,63,63,63,70,47,3
7048,68,68,68,70,48,3
7049,58,58,58,70,49,3
7050,49,49,49,70,50,1
7051,34,34,34,70,51,1
7052,39,39,39,70,52,7
7053,45,45,45,70,53,9
7054,46,46,46,70,54,9
7055,48,48,48,70,55,9
7056,56,56,56,70,56,3
7057,60,60,60,70,57,3
7058,67,67,67,70,58,3
7059,73,73,73,70,59,3
7060,69,69,69,70,60,3
7061,68,68,68,70,61,3
7062,69,69,69,70,62,3
7063,65,65,65,70,63,3
7064,66,66,66,70,64,3
7065,65,65,65,70,65,3
7066,68,68,68,70,66,3
7067,66,66,66,70,67,3
7068,62,62,62,70,68,3
7069,62,62,62,70,69,3
7070,62,62,62,70,70,3
7071,45,45,45,70,71,9
7072,39,39,39,70,72,7
7073,10,10,10,70,73,2
7074,61,61,61,70,74,3
7075,121,121,121,70,75,1
7076,172,172,172,70,76,1
7077,163,163,163,70,77,1
7078,108,108,108,70,78,1
7079,80,80,80,70,79,3
7080,18,18,18,70,80,10
7081,7,7,7,70,81,2
7082,6,6,6,70,82,2
7083,7,7,7,70,83,2
7084,8,8,8,70,84,2
7085,10,10,10,70,85,2
7086,10,10,10,70,86,2
7087,7,7,7,70,87,2
7088,4,4,4,70,88,2
7089,0,0,0,70,89,2
7090,0,0,0,70,90,2
7091,0,0,0,70,91,2
7092,0,0,0,70,92,2
7093,0,0,0,70,93,2
7094,0,0,0,70,94,2
7095,0,0,0,70,95,2
7096,0,0,0,70,96,2
7097,0,0,0,70,97,2
7098,0,0,0,70,98,2
7099,0,0,0,70,99,2
7100,0,0,0,71,0,2
7101,0,0,0,71,1,2
7102,0,0,0,71,2,2
7103,0,0,0,71,3,2
7104,0,0,0,71,4,2
7105,0,0,0,71,5,2
7106,0,0,0,71,6,2
7107,0,0,0,71,7,2
7108,0,0,0,71,8,2
7109,0,0,0,71,9,2
7110,0,0,0,71,10,2
7111,2,2,2,71,11,2
7112,6,6,6,71,12,2
7113,6,6,6,71,13,2
7114,9,9,9,71,14,2
7115,9,9,9,71,15,2
7116,7,7,7,71,16,2
7117,6,6,6,71,17,2
7118,7,7,7,71,18,2
7119,6,6,6,71,19,2
7120,16,16,16,71,20,10
7121,67,67,67,71,21,3
7122,121,121,121,71,22,1
7123,172,172,172,71,23,1
7124,181,181,181,71,24,1
7125,134,134,134,71,25,1
7126,79,79,79,71,26,3
7127,37,37,37,71,27,6
7128,39,39,39,71,28,7
7129,104,104,104,71,29,1
7130,67,67,67,71,30,3
7131,63,63,63,71,31,3
7132,67,67,67,71,32,3
7133,80,80,80,71,33,3
7134,80,80,80,71,34,3
7135,81,81,81,71,35,3
7136,82,82,82,71,36,3
7137,82,82,82,71,37,3
7138,65,65,65,71,38,3
7139,50,50,50,71,39,3
7140,61,61,61,71,40,3
7141,61,61,61,71,41,3
7142,56,56,56,71,42,3
7143,52,52,52,71,43,3
7144,64,64,64,71,44,3
7145,76,76,76,71,45,3
7146,69,69,69,71,46,3
7147,68,68,68,71,47,3
7148,72,72,72,71,48,3
7149,56,56,56,71,49,3
7150,42,42,42,71,50,11
7151,38,38,38,71,51,6
7152,51,51,51,71,52,3
7153,76,76,76,71,53,3
7154,47,47,47,71,54,9
7155,108,108,108,71,55,1
7156,90,90,90,71,56,1
7157,63,63,63,71,57,3
7158,67,67,67,71,58,3
7159,70,70,70,71,59,3
7160,69,69,69,71,60,3
7161,62,62,62,71,61,3
7162,67,67,67,71,62,3
7163,66,66,66,71,63,3
7164,64,64,64,71,64,3
7165,67,67,67,71,65,3
7166,66,66,66,71,66,3
7167,59,59,59,71,67,3
7168,51,51,51,71,68,3
7169,46,46,46,71,69,9
7170,36,36,36,71,70,6
7171,51,51,51,71,71,3
7172,24,24,24,71,72,1
7173,19,19,19,71,73,1
7174,95,95,95,71,74,1
7175,144,144,144,71,75,1
7176,171,171,171,71,76,1
7177,148,148,148,71,77,1
7178,104,104,104,71,78,1
7179,53,53,53,71,79,3
7180,9,9,9,71,80,2
7181,11,11,11,71,81,2
7182,9,9,9,71,82,2
7183,9,9,9,71,83,2
7184,9,9,9,71,84,2
7185,9,9,9,71,85,2
7186,13,13,13,71,86,8
7187,11,11,11,71,87,2
7188,6,6,6,71,88,2
7189,0,0,0,71,89,2
7190,0,0,0,71,90,2
7191,0,0,0,71,91,2
7192,0,0,0,71,92,2
7193,0,0,0,71,93,2
7194,0,0,0,71,94,2
7195,0,0,0,71,95,2
7196,0,0,0,71,96,2
7197,0,0,0,71,97,2
7198,0,0,0,71,98,2
7199,0,0,0,71,99,2
7200,0,0,0,72,0,2
7201,0,0,0,72,1,2
7202,0,0,0,72,2,2
7203,0,0,0,72,3,2
7204,0,0,0,72,4,2
7205,0,0,0,72,5,2
7206,0,0,0,72,6,2
7207,0,0,0,72,7,2
7208,0,0,0,72,8,2
7209,0,0,0,72,9,2
7210,0,0,0,72,10,2
7211,2,2,2,72,11,2
7212,7,7,7,72,12,2
7213,7,7,7,72,13,2
7214,8,8,8,72,14,2
7215,9,9,9,72,15,2
7216,8,8,8,72,16,2
7217,8,8,8,72,17,2
7218,7,7,7,72,18,2
7219,8,8,8,72,19,2
7220,8,8,8,72,20,2
7221,37,37,37,72,21,6
7222,89,89,89,72,22,1
7223,125,125,125,72,23,1
7224,173,173,173,72,24,1
7225,183,183,183,72,25,1
7226,111,111,111,72,26,1
7227,63,63,63,72,27,3
7228,35,35,35,72,28,6
7229,59,59,59,72,29,3
7230,102,102,102,72,30,1
7231,74,74,74,72,31,3
7232,73,73,73,72,32,3
7233,82,82,82,72,33,3
7234,84,84,84,72,34,5
7235,68,68,68,72,35,3
7236,75,75,75,72,36,3
7237,71,71,71,72,37,3
7238,59,59,59,72,38,3
7239,51,51,51,72,39,3
7240,58,58,58,72,40,3
7241,62,62,62,72,41,3
7242,66,66,66,72,42,3
7243,68,68,68,72,43,3
7244,63,63,63,72,44,3
7245,69,69,69,72,45,3
7246,73,73,73,72,46,3
7247,75,75,75,72,47,3
7248,83,83,83,72,48,1
7249,68,68,68,72,49,3
7250,73,73,73,72,50,3
7251,101,101,101,72,51,1
7252,95,95,95,72,52,1
7253,80,80,80,72,53,3
7254,42,42,42,72,54,11
7255,126,126,126,72,55,1
7256,125,125,125,72,56,1
7257,75,75,75,72,57,3
7258,73,73,73,72,58,3
7259,67,67,67,72,59,3
7260,56,56,56,72,60,3
7261,57,57,57,72,61,3
7262,65,65,65,72,62,3
7263,61,61,61,72,63,3
7264,64,64,64,72,64,3
7265,64,64,64,72,65,3
7266,64,64,64,72,66,3
7267,67,67,67,72,67,3
7268,64,64,64,72,68,3
7269,46,46,46,72,69,9
7270,36,36,36,72,70,6
7271,41,41,41,72,71,7
7272,14,14,14,72,72,8
7273,67,67,67,72,73,3
7274,133,133,133,72,74,1
7275,182,182,182,72,75,1
7276,137,137,137,72,76,1
7277,124,124,124,72,77,1
7278,79,79,79,72,78,3
7279,25,25,25,72,79,1
7280,13,13,13,72,80,8
7281,10,10,10,72,81,2
7282,9,9,9,72,82,2
7283,8,8,8,72,83,2
7284,9,9,9,72,84,2
7285,10,10,10,72,85,2
7286,13,13,13,72,86,8
7287,13,13,13,72,87,8
7288,5,5,5,72,88,2
7289,0,0,0,72,89,2
7290,0,0,0,72,90,2
7291,0,0,0,72,91,2
7292,0,0,0,72,92,2
7293,0,0,0,72,93,2
7294,0,0,0,72,94,2
7295,0,0,0,72,95,2
7296,0,0,0,72,96,2
7297,0,0,0,72,97,2
7298,0,0,0,72,98,2
7299,0,0,0,72,99,2
7300,0,0,0,73,0,2
7301,0,0,0,73,1,2
7302,0,0,0,73,2,2
7303,0,0,0,73,3,2
7304,0,0,0,73,4,2
7305,0,0,0,73,5,2
7306,0,0,0,73,6,2
7307,0,0,0,73,7,2
7308,0,0,0,73,8,2
7309,0,0,0,73,9,2
7310,0,0,0,73,10,2
7311,2,2,2,73,11,2
7312,7,7,7,73,12,2
7313,5,5,5,73,13,2
7314,7,7,7,73,14,2
7315,6,6,6,73,15,2
7316,7,7,7,73,16,2
7317,6,6,6,73,17,2
7318,7,7,7,73,18,2
7319,6,6,6,73,19,2
7320,9,9,9,73,20,2
7321,9,9,9,73,21,2
7322,47,47,47,73,22,9
7323,85,85,85,73,23,5
7324,129,129,129,73,24,1
7325,150,150,150,73,25,1
7326,158,158,158,73,26,1
7327,117,117,117,73,27,1
7328,64,64,64,73,28,3
7329,24,24,24,73,29,1
7330,60,60,60,73,30,3
7331,58,58,58,73,31,3
7332,36,36,36,73,32,6
7333,55,55,55,73,33,3
7334,85,85,85,73,34,5
7335,91,91,91,73,35,1
7336,97,97,97,73,36,1
7337,77,77,77,73,37,3
7338,61,61,61,73,38,3
7339,68,68,68,73,39,3
7340,64,64,64,73,40,3
7341,64,64,64,73,41,3
7342,69,69,69,73,42,3
7343,72,72,72,73,43,3
7344,72,72,72,73,44,3
7345,66,66,66,73,45,3
7346,58,58,58,73,46,3
7347,75,75,75,73,47,3
7348,87,87,87,73,48,5
7349,76,76,76,73,49,3
7350,78,78,78,73,50,3
7351,97,97,97,73,51,1
7352,115,115,115,73,52,1
7353,133,133,133,73,53,1
7354,94,94,94,73,54,1
7355,95,95,95,73,55,1
7356,116,116,116,73,56,1
7357,76,76,76,73,57,3
7358,71,71,71,73,58,3
7359,69,69,69,73,59,3
7360,65,65,65,73,60,3
7361,61,61,61,73,61,3
7362,65,65,65,73,62,3
7363,61,61,61,73,63,3
7364,63,63,63,73,64,3
7365,57,57,57,73,65,3
7366,58,58,58,73,66,3
7367,68,68,68,73,67,3
7368,68,68,68,73,68,3
7369,50,50,50,73,69,3
7370,29,29,29,73,70,4
7371,15,15,15,73,71,10
7372,49,49,49,73,72,1
7373,99,99,99,73,73,1
7374,165,165,165,73,74,1
7375,179,179,179,73,75,1
7376,154,154,154,73,76,1
7377,106,106,106,73,77,1
7378,43,43,43,73,78,11
7379,9,9,9,73,79,2
7380,7,7,7,73,80,2
7381,6,6,6,73,81,2
7382,7,7,7,73,82,2
7383,7,7,7,73,83,2
7384,8,8,8,73,84,2
7385,8,8,8,73,85,2
7386,9,9,9,73,86,2
7387,8,8,8,73,87,2
7388,4,4,4,73,88,2
7389,0,0,0,73,89,2
7390,0,0,0,73,90,2
7391,0,0,0,73,91,2
7392,0,0,0,73,92,2
7393,0,0,0,73,93,2
7394,0,0,0,73,94,2
7395,0,0,0,73,95,2
7396,0,0,0,73,96,2
7397,0,0,0,73,97,2
7398,0,0,0,73,98,2
7399,0,0,0,73,99,2
7400,0,0,0,74,0,2
7401,0,0,0,74,1,2
7402,0,0,0,74,2,2
7403,0,0,0,74,3,2
7404,0,0,0,74,4,2
7405,0,0,0,74,5,2
7406,0,0,0,74,6,2
7407,0,0,0,74,7,2
7408,0,0,0,74,8,2
7409,0,0,0,74,9,2
7410,0,0,0,74,10,2
7411,2,2,2,74,11,2
7412,6,6,6,74,12,2
7413,7,7,7,74,13,2
7414,10,10,10,74,14,2
7415,7,7,7,74,15,2
7416,7,7,7,74,16,2
7417,8,8,8,74,17,2
7418,7,7,7,74,18,2
7419,7,7,7,74,19,2
7420,7,7,7,74,20,2
7421,8,8,8,74,21,2
7422,13,13,13,74,22,8
7423,58,58,58,74,23,3
7424,100,100,100,74,24,1
7425,103,103,103,74,25,1
7426,154,154,154,74,26,1
7427,170,170,170,74,27,1
7428,100,100,100,74,28,1
7429,61,61,61,74,29,3
7430,21,21,21,74,30,1
7431,16,16,16,74,31,10
7432,24,24,24,74,32,1
7433,26,26,26,74,33,1
7434,52,52,52,74,34,3
7435,49,49,49,74,35,1
7436,52,52,52,74,36,3
7437,54,54,54,74,37,3
7438,62,62,62,74,38,3
7439,66,66,66,74,39,3
7440,65,65,65,74,40,3
7441,57,57,57,74,41,3
7442,57,57,57,74,42,3
7443,66,66,66,74,43,3
7444,76,76,76,74,44,3
7445,70,70,70,74,45,3
7446,48,48,48,74,46,9
7447,63,63,63,74,47,3
7448,72,72,72,74,48,3
7449,68,68,68,74,49,3
7450,80,80,80,74,50,3
7451,82,82,82,74,51,3
7452,92,92,92,74,52,1
7453,111,111,111,74,53,1
7454,56,56,56,74,54,3
7455,66,66,66,74,55,3
7456,89,89,89,74,56,1
7457,59,59,59,74,57,3
7458,68,68,68,74,58,3
7459,81,81,81,74,59,3
7460,74,74,74,74,60,3
7461,61,61,61,74,61,3
7462,64,64,64,74,62,3
7463,53,53,53,74,63,3
7464,55,55,55,74,64,3
7465,40,40,40,74,65,7
7466,53,53,53,74,66,3
7467,66,66,66,74,67,3
7468,65,65,65,74,68,3
7469,43,43,43,74,69,11
7470,13,13,13,74,70,8
7471,33,33,33,74,71,1
7472,101,101,101,74,72,1
7473,140,140,140,74,73,1
7474,165,165,165,74,74,1
7475,137,137,137,74,75,1
7476,112,112,112,74,76,1
7477,67,67,67,74,77,3
7478,13,13,13,74,78,8
7479,10,10,10,74,79,2
7480,16,16,16,74,80,10
7481,9,9,9,74,81,2
7482,8,8,8,74,82,2
7483,9,9,9,74,83,2
7484,10,10,10,74,84,2
7485,10,10,10,74,85,2
7486,8,8,8,74,86,2
7487,8,8,8,74,87,2
7488,4,4,4,74,88,2
7489,0,0,0,74,89,2
7490,0,0,0,74,90,2
7491,0,0,0,74,91,2
7492,0,0,0,74,92,2
7493,0,0,0,74,93,2
7494,0,0,0,74,94,2
7495,0,0,0,74,95,2
7496,0,0,0,74,96,2
7497,0,0,0,74,97,2
7498,0,0,0,74,98,2
7499,0,0,0,74,99,2
7500,0,0,0,75,0,2
7501,0,0,0,75,1,2
7502,0,0,0,75,2,2
7503,0,0,0,75,3,2
7504,0,0,0,75,4,2
7505,0,0,0,75,5,2
7506,0,0,0,75,6,2
7507,0,0,0,75,7,2
7508,0,0,0,75,8,2
7509,0,0,0,75,9,2
7510,0,0,0,75,10,2
7511,1,1,1,75,11,2
7512,5,5,5,75,12,2
7513,6,6,6,75,13,2
7514,7,7,7,75,14,2
7515,7,7,7,75,15,2
7516,6,6,6,75,16,2
7517,6,6,6,75,17,2
7518,7,7,7,75,18,2
7519,7,7,7,75,19,2
7520,9,9,9,75,20,2
7521,9,9,9,75,21,2
7522,9,9,9,75,22,2
7523,15,15,15,75,23,10
7524,64,64,64,75,24,3
7525,94,94,94,75,25,1
7526,124,124,124,75,26,1
7527,166,166,166,75,27,1
7528,158,158,158,75,28,1
7529,107,107,107,75,29,1
7530,60,60,60,75,30,3
7531,17,17,17,75,31,10
7532,15,15,15,75,32,10
7533,18,18,18,75,33,10
7534,35,35,35,75,34,6
7535,50,50,50,75,35,3
7536,35,35,35,75,36,6
7537,59,59,59,75,37,3
7538,68,68,68,75,38,3
7539,66,66,66,75,39,3
7540,64,64,64,75,40,3
7541,52,52,52,75,41,3
7542,56,56,56,75,42,3
7543,56,56,56,75,43,3
7544,63,63,63,75,44,3
7545,50,50,50,75,45,3
7546,39,39,39,75,46,7
7547,61,61,61,75,47,3
7548,74,74,74,75,48,3
7549,69,69,69,75,49,3
7550,67,67,67,75,50,3
7551,86,86,86,75,51,5
7552,101,101,101,75,52,1
7553,125,125,125,75,53,1
7554,99,99,99,75,54,1
7555,108,108,108,75,55,1
7556,85,85,85,75,56,5
7557,68,68,68,75,57,3
7558,71,71,71,75,58,3
7559,74,74,74,75,59,3
7560,52,52,52,75,60,3
7561,54,54,54,75,61,3
7562,60,60,60,75,62,3
7563,69,69,69,75,63,3
7564,67,67,67,75,64,3
7565,43,43,43,75,65,11
7566,52,52,52,75,66,3
7567,64,64,64,75,67,3
7568,46,46,46,75,68,9
7569,22,22,22,75,69,1
7570,15,15,15,75,70,10
7571,104,104,104,75,71,1
7572,155,155,155,75,72,1
7573,177,177,177,75,73,1
7574,136,136,136,75,74,1
7575,107,107,107,75,75,1
7576,77,77,77,75,76,3
7577,25,25,25,75,77,1
7578,7,7,7,75,78,2
7579,10,10,10,75,79,2
7580,13,13,13,75,80,8
7581,9,9,9,75,81,2
7582,6,6,6,75,82,2
7583,7,7,7,75,83,2
7584,9,9,9,75,84,2
7585,10,10,10,75,85,2
7586,6,6,6,75,86,2
7587,6,6,6,75,87,2
7588,4,4,4,75,88,2
7589,0,0,0,75,89,2
7590,0,0,0,75,90,2
7591,0,0,0,75,91,2
7592,0,0,0,75,92,2
7593,0,0,0,75,93,2
7594,0,0,0,75,94,2
7595,0,0,0,75,95,2
7596,0,0,0,75,96,2
7597,0,0,0,75,97,2
7598,0,0,0,75,98,2
7599,0,0,0,75,99,2
7600,0,0,0,76,0,2
7601,0,0,0,76,1,2
7602,0,0,0,76,2,2
7603,0,0,0,76,3,2
7604,0,0,0,76,4,2
7605,0,0,0,76,5,2
7606,0,0,0,76,6,2
7607,0,0,0,76,7,2
7608,0,0,0,76,8,2
7609,0,0,0,76,9,2
7610,0,0,0,76,10,2
7611,1,1,1,76,11,2
7612,5,5,5,76,12,2
7613,4,4,4,76,13,2
7614,5,5,5,76,14,2
7615,6,6,6,76,15,2
7616,5,5,5,76,16,2
7617,4,4,4,76,17,2
7618,5,5,5,76,18,2
7619,6,6,6,76,19,2
7620,5,5,5,76,20,2
7621,6,6,6,76,21,2
7622,6,6,6,76,22,2
7623,5,5,5,76,23,2
7624,18,18,18,76,24,10
7625,68,68,68,76,25,3
7626,96,96,96,76,26,1
7627,129,129,129,76,27,1
7628,160,160,160,76,28,1
7629,167,167,167,76,29,1
7630,129,129,129,76,30,1
7631,61,61,61,76,31,3
7632,19,19,19,76,32,1
7633,15,15,15,76,33,10
7634,24,24,24,76,34,1
7635,64,64,64,76,35,3
7636,47,47,47,76,36,9
7637,57,57,57,76,37,3
7638,95,95,95,76,38,1
7639,68,68,68,76,39,3
7640,61,61,61,76,40,3
7641,64,64,64,76,41,3
7642,66,66,66,76,42,3
7643,65,65,65,76,43,3
7644,62,62,62,76,44,3
7645,55,55,55,76,45,3
7646,49,49,49,76,46,1
7647,62,62,62,76,47,3
7648,72,72,72,76,48,3
7649,74,74,74,76,49,3
7650,75,75,75,76,50,3
7651,82,82,82,76,51,3
7652,86,86,86,76,52,5
7653,103,103,103,76,53,1
7654,110,110,110,76,54,1
7655,81,81,81,76,55,3
7656,41,41,41,76,56,7
7657,53,53,53,76,57,3
7658,54,54,54,76,58,3
7659,58,58,58,76,59,3
7660,61,61,61,76,60,3
7661,64,64,64,76,61,3
7662,64,64,64,76,62,3
7663,67,67,67,76,63,3
7664,62,62,62,76,64,3
7665,52,52,52,76,65,3
7666,42,42,42,76,66,11
7667,44,44,44,76,67,11
7668,18,18,18,76,68,10
7669,5,5,5,76,69,2
7670,81,81,81,76,70,3
7671,152,152,152,76,71,1
7672,170,170,170,76,72,1
7673,150,150,150,76,73,1
7674,110,110,110,76,74,1
7675,77,77,77,76,75,3
7676,29,29,29,76,76,4
7677,4,4,4,76,77,2
7678,6,6,6,76,78,2
7679,5,5,5,76,79,2
7680,5,5,5,76,80,2
7681,5,5,5,76,81,2
7682,5,5,5,76,82,2
7683,5,5,5,76,83,2
7684,5,5,5,76,84,2
7685,5,5,5,76,85,2
7686,5,5,5,76,86,2
7687,6,6,6,76,87,2
7688,4,4,4,76,88,2
7689,0,0,0,76,89,2
7690,0,0,0,76,90,2
7691,0,0,0,76,91,2
7692,0,0,0,76,92,2
7693,0,0,0,76,93,2
7694,0,0,0,76,94,2
7695,0,0,0,76,95,2
7696,0,0,0,76,96,2
7697,0,0,0,76,97,2
7698,0,0,0,76,98,2
7699,0,0,0,76,99,2
7700,0,0,0,77,0,2
7701,0,0,0,77,1,2
7702,0,0,0,77,2,2
7703,0,0,0,77,3,2
7704,0,0,0,77,4,2
7705,0,0,0,77,5,2
7706,0,0,0,77,6,2
7707,0,0,0,77,7,2
7708,0,0,0,77,8,2
7709,0,0,0,77,9,2
7710,0,0,0,77,10,2
7711,2,2,2,77,11,2
7712,9,9,9,77,12,2
7713,9,9,9,77,13,2
7714,8,8,8,77,14,2
7715,9,9,9,77,15,2
7716,9,9,9,77,16,2
7717,10,10,10,77,17,2
7718,9,9,9,77,18,2
7719,11,11,11,77,19,2
7720,7,7,7,77,20,2
7721,7,7,7,77,21,2
7722,8,8,8,77,22,2
7723,10,10,10,77,23,2
7724,9,9,9,77,24,2
7725,22,22,22,77,25,1
7726,66,66,66,77,26,3
7727,97,97,97,77,27,1
7728,118,118,118,77,28,1
7729,154,154,154,77,29,1
7730,152,152,152,77,30,1
7731,110,110,110,77,31,1
7732,65,65,65,77,32,3
7733,31,31,31,77,33,4
7734,13,13,13,77,34,8
7735,49,49,49,77,35,1
7736,61,61,61,77,36,3
7737,75,75,75,77,37,3
7738,79,79,79,77,38,3
7739,64,64,64,77,39,3
7740,63,63,63,77,40,3
7741,65,65,65,77,41,3
7742,70,70,70,77,42,3
7743,73,73,73,77,43,3
7744,73,73,73,77,44,3
7745,75,75,75,77,45,3
7746,65,65,65,77,46,3
7747,61,61,61,77,47,3
7748,61,61,61,77,48,3
7749,62,62,62,77,49,3
7750,45,45,45,77,50,9
7751,37,37,37,77,51,6
7752,66,66,66,77,52,3
7753,78,78,78,77,53,3
7754,69,69,69,77,54,3
7755,72,72,72,77,55,3
7756,66,66,66,77,56,3
7757,64,64,64,77,57,3
7758,62,62,62,77,58,3
7759,63,63,63,77,59,3
7760,65,65,65,77,60,3
7761,61,61,61,77,61,3
7762,63,63,63,77,62,3
7763,62,62,62,77,63,3
7764,63,63,63,77,64,3
7765,60,60,60,77,65,3
7766,31,31,31,77,66,4
7767,21,21,21,77,67,1
7768,9,9,9,77,68,2
7769,78,78,78,77,69,3
7770,164,164,164,77,70,1
7771,158,158,158,77,71,1
7772,150,150,150,77,72,1
7773,119,119,119,77,73,1
7774,85,85,85,77,74,5
7775,32,32,32,77,75,1
7776,6,6,6,77,76,2
7777,8,8,8,77,77,2
7778,12,12,12,77,78,8
7779,14,14,14,77,79,8
7780,14,14,14,77,80,8
7781,14,14,14,77,81,8
7782,11,11,11,77,82,2
7783,6,6,6,77,83,2
7784,7,7,7,77,84,2
7785,9,9,9,77,85,2
7786,10,10,10,77,86,2
7787,11,11,11,77,87,2
7788,7,7,7,77,88,2
7789,0,0,0,77,89,2
7790,0,0,0,77,90,2
7791,0,0,0,77,91,2
7792,0,0,0,77,92,2
7793,0,0,0,77,93,2
7794,0,0,0,77,94,2
7795,0,0,0,77,95,2
7796,0,0,0,77,96,2
7797,0,0,0,77,97,2
7798,0,0,0,77,98,2
7799,0,0,0,77,99,2
7800,0,0,0,78,0,2
7801,0,0,0,78,1,2
7802,0,0,0,78,2,2
7803,0,0,0,78,3,2
7804,0,0,0,78,4,2
7805,0,0,0,78,5,2
7806,0,0,0,78,6,2
7807,0,0,0,78,7,2
7808,0,0,0,78,8,2
7809,0,0,0,78,9,2
7810,0,0,0,78,10,2
7811,2,2,2,78,11,2
7812,9,9,9,78,12,2
7813,8,8,8,78,13,2
7814,8,8,8,78,14,2
7815,8,8,8,78,15,2
7816,8,8,8,78,16,2
7817,9,9,9,78,17,2
7818,9,9,9,78,18,2
7819,9,9,9,78,19,2
7820,8,8,8,78,20,2
7821,7,7,7,78,21,2
7822,7,7,7,78,22,2
7823,10,10,10,78,23,2
7824,11,11,11,78,24,2
7825,10,10,10,78,25,2
7826,22,22,22,78,26,1
7827,55,55,55,78,27,3
7828,85,85,85,78,28,5
7829,109,109,109,78,29,1
7830,123,123,123,78,30,1
7831,156,156,156,78,31,1
7832,134,134,134,78,32,1
7833,86,86,86,78,33,5
7834,44,44,44,78,34,11
7835,11,11,11,78,35,2
7836,40,40,40,78,36,7
7837,50,50,50,78,37,3
7838,55,55,55,78,38,3
7839,57,57,57,78,39,3
7840,60,60,60,78,40,3
7841,58,58,58,78,41,3
7842,51,51,51,78,42,3
7843,55,55,55,78,43,3
7844,66,66,66,78,44,3
7845,76,76,76,78,45,3
7846,59,59,59,78,46,3
7847,63,63,63,78,47,3
7848,70,70,70,78,48,3
7849,44,44,44,78,49,11
7850,10,10,10,78,50,2
7851,7,7,7,78,51,2
7852,39,39,39,78,52,7
7853,50,50,50,78,53,3
7854,56,56,56,78,54,3
7855,64,64,64,78,55,3
7856,65,65,65,78,56,3
7857,61,61,61,78,57,3
7858,65,65,65,78,58,3
7859,73,73,73,78,59,3
7860,59,59,59,78,60,3
7861,45,45,45,78,61,9
7862,60,60,60,78,62,3
7863,57,57,57,78,63,3
7864,47,47,47,78,64,9
7865,28,28,28,78,65,1
7866,8,8,8,78,66,2
7867,25,25,25,78,67,1
7868,109,109,109,78,68,1
7869,162,162,162,78,69,1
7870,157,157,157,78,70,1
7871,131,131,131,78,71,1
7872,114,114,114,78,72,1
7873,91,91,91,78,73,1
7874,39,39,39,78,74,7
7875,7,7,7,78,75,2
7876,6,6,6,78,76,2
7877,8,8,8,78,77,2
7878,11,11,11,78,78,2
7879,12,12,12,78,79,8
7880,13,13,13,78,80,8
7881,13,13,13,78,81,8
7882,10,10,10,78,82,2
7883,7,7,7,78,83,2
7884,8,8,8,78,84,2
7885,8,8,8,78,85,2
7886,9,9,9,78,86,2
7887,8,8,8,78,87,2
7888,4,4,4,78,88,2
7889,0,0,0,78,89,2
7890,0,0,0,78,90,2
7891,0,0,0,78,91,2
7892,0,0,0,78,92,2
7893,0,0,0,78,93,2
7894,0,0,0,78,94,2
7895,0,0,0,78,95,2
7896,0,0,0,78,96,2
7897,0,0,0,78,97,2
7898,0,0,0,78,98,2
7899,0,0,0,78,99,2
7900,0,0,0,79,0,2
7901,0,0,0,79,1,2
7902,0,0,0,79,2,2
7903,0,0,0,79,3,2
7904,0,0,0,79,4,2
7905,0,0,0,79,5,2
7906,0,0,0,79,6,2
7907,0,0,0,79,7,2
7908,0,0,0,79,8,2
7909,0,0,0,79,9,2
7910,0,0,0,79,10,2
7911,1,1,1,79,11,2
7912,5,5,5,79,12,2
7913,5,5,5,79,13,2
7914,5,5,5,79,14,2
7915,6,6,6,79,15,2
7916,6,6,6,79,16,2
7917,5,5,5,79,17,2
7918,5,5,5,79,18,2
7919,5,5,5,79,19,2
7920,5,5,5,79,20,2
7921,5,5,5,79,21,2
7922,6,6,6,79,22,2
7923,7,7,7,79,23,2
7924,6,6,6,79,24,2
7925,5,5,5,79,25,2
7926,5,5,5,79,26,2
7927,9,9,9,79,27,2
7928,39,39,39,79,28,7
7929,79,79,79,79,29,3
7930,112,112,112,79,30,1
7931,135,135,135,79,31,1
7932,162,162,162,79,32,1
7933,127,127,127,79,33,1
7934,94,94,94,79,34,1
7935,56,56,56,79,35,3
7936,10,10,10,79,36,2
7937,23,23,23,79,37,1
7938,43,43,43,79,38,11
7939,39,39,39,79,39,7
7940,45,45,45,79,40,9
7941,56,56,56,79,41,3
7942,54,54,54,79,42,3
7943,53,53,53,79,43,3
7944,65,65,65,79,44,3
7945,70,70,70,79,45,3
7946,63,63,63,79,46,3
7947,59,59,59,79,47,3
7948,65,65,65,79,48,3
7949,52,52,52,79,49,3
7950,18,18,18,79,50,10
7951,19,19,19,79,51,1
7952,46,46,46,79,52,9
7953,91,91,91,79,53,1
7954,109,109,109,79,54,1
7955,75,75,75,79,55,3
7956,51,51,51,79,56,3
7957,40,40,40,79,57,7
7958,51,51,51,79,58,3
7959,52,52,52,79,59,3
7960,41,41,41,79,60,7
7961,34,34,34,79,61,1
7962,51,51,51,79,62,3
7963,40,40,40,79,63,7
7964,12,12,12,79,64,8
7965,9,9,9,79,65,2
7966,53,53,53,79,66,3
7967,123,123,123,79,67,1
7968,158,158,158,79,68,1
7969,148,148,148,79,69,1
7970,128,128,128,79,70,1
7971,101,101,101,79,71,1
7972,77,77,77,79,72,3
7973,37,37,37,79,73,6
7974,5,5,5,79,74,2
7975,5,5,5,79,75,2
7976,5,5,5,79,76,2
7977,6,6,6,79,77,2
7978,5,5,5,79,78,2
7979,5,5,5,79,79,2
7980,5,5,5,79,80,2
7981,5,5,5,79,81,2
7982,5,5,5,79,82,2
7983,5,5,5,79,83,2
7984,4,4,4,79,84,2
7985,5,5,5,79,85,2
7986,5,5,5,79,86,2
7987,5,5,5,79,87,2
7988,3,3,3,79,88,2
7989,0,0,0,79,89,2
7990,0,0,0,79,90,2
7991,0,0,0,79,91,2
7992,0,0,0,79,92,2
7993,0,0,0,79,93,2
7994,0,0,0,79,94,2
7995,0,0,0,79,95,2
7996,0,0,0,79,96,2
7997,0,0,0,79,97,2
7998,0,0,0,79,98,2
7999,0,0,0,79,99,2
8000,0,0,0,80,0,2
8001,0,0,0,80,1,2
8002,0,0,0,80,2,2
8003,0,0,0,80,3,2
8004,0,0,0,80,4,2
8005,0,0,0,80,5,2
8006,0,0,0,80,6,2
8007,0,0,0,80,7,2
8008,0,0,0,80,8,2
8009,0,0,0,80,9,2
8010,0,0,0,80,10,2
8011,1,1,1,80,11,2
8012,5,5,5,80,12,2
8013,5,5,5,80,13,2
8014,5,5,5,80,14,2
8015,7,7,7,80,15,2
8016,7,7,7,80,16,2
8017,4,4,4,80,17,2
8018,5,5,5,80,18,2
8019,6,6,6,80,19,2
8020,6,6,6,80,20,2
8021,6,6,6,80,21,2
8022,6,6,6,80,22,2
8023,6,6,6,80,23,2
8024,6,6,6,80,24,2
8025,6,6,6,80,25,2
8026,7,7,7,80,26,2
8027,5,5,5,80,27,2
8028,5,5,5,80,28,2
8029,31,31,31,80,29,4
8030,70,70,70,80,30,3
8031,102,102,102,80,31,1
8032,122,122,122,80,32,1
8033,140,140,140,80,33,1
8034,143,143,143,80,34,1
8035,136,136,136,80,35,1
8036,86,86,86,80,36,5
8037,24,24,24,80,37,1
8038,11,11,11,80,38,2
8039,23,23,23,80,39,1
8040,38,38,38,80,40,6
8041,42,42,42,80,41,11
8042,53,53,53,80,42,3
8043,68,68,68,80,43,3
8044,63,63,63,80,44,3
8045,61,61,61,80,45,3
8046,61,61,61,80,46,3
8047,64,64,64,80,47,3
8048,62,62,62,80,48,3
8049,54,54,54,80,49,3
8050,46,46,46,80,50,9
8051,56,56,56,80,51,3
8052,86,86,86,80,52,5
8053,109,109,109,80,53,1
8054,118,118,118,80,54,1
8055,98,98,98,80,55,1
8056,77,77,77,80,56,3
8057,52,52,52,80,57,3
8058,34,34,34,80,58,1
8059,26,26,26,80,59,1
8060,24,24,24,80,60,1
8061,35,35,35,80,61,6
8062,24,24,24,80,62,1
8063,10,10,10,80,63,2
8064,43,43,43,80,64,11
8065,118,118,118,80,65,1
8066,139,139,139,80,66,1
8067,145,145,145,80,67,1
8068,138,138,138,80,68,1
8069,111,111,111,80,69,1
8070,93,93,93,80,70,1
8071,61,61,61,80,71,3
8072,22,22,22,80,72,1
8073,4,4,4,80,73,2
8074,5,5,5,80,74,2
8075,5,5,5,80,75,2
8076,5,5,5,80,76,2
8077,7,7,7,80,77,2
8078,6,6,6,80,78,2
8079,6,6,6,80,79,2
8080,5,5,5,80,80,2
8081,5,5,5,80,81,2
8082,5,5,5,80,82,2
8083,7,7,7,80,83,2
8084,5,5,5,80,84,2
8085,6,6,6,80,85,2
8086,6,6,6,80,86,2
8087,7,7,7,80,87,2
8088,4,4,4,80,88,2
8089,0,0,0,80,89,2
8090,0,0,0,80,90,2
8091,0,0,0,80,91,2
8092,0,0,0,80,92,2
8093,0,0,0,80,93,2
8094,0,0,0,80,94,2
8095,0,0,0,80,95,2
8096,0,0,0,80,96,2
8097,0,0,0,80,97,2
8098,0,0,0,80,98,2
8099,0,0,0,80,99,2
8100,0,0,0,81,0,2
8101,0,0,0,81,1,2
8102,0,0,0,81,2,2
8103,0,0,0,81,3,2
8104,0,0,0,81,4,2
8105,0,0,0,81,5,2
8106,0,0,0,81,6,2
8107,0,0,0,81,7,2
8108,0,0,0,81,8,2
8109,0,0,0,81,9,2
8110,0,0,0,81,10,2
8111,0,0,0,81,11,2
8112,5,5,5,81,12,2
8113,6,6,6,81,13,2
8114,5,5,5,81,14,2
8115,6,6,6,81,15,2
8116,6,6,6,81,16,2
8117,5,5,5,81,17,2
8118,5,5,5,81,18,2
8119,6,6,6,81,19,2
8120,6,6,6,81,20,2
8121,6,6,6,81,21,2
8122,6,6,6,81,22,2
8123,5,5,5,81,23,2
8124,5,5,5,81,24,2
8125,6,6,6,81,25,2
8126,6,6,6,81,26,2
8127,6,6,6,81,27,2
8128,5,5,5,81,28,2
8129,5,5,5,81,29,2
8130,20,20,20,81,30,1
8131,56,56,56,81,31,3
8132,86,86,86,81,32,5
8133,105,105,105,81,33,1
8134,130,130,130,81,34,1
8135,147,147,147,81,35,1
8136,141,141,141,81,36,1
8137,122,122,122,81,37,1
8138,57,57,57,81,38,3
8139,18,18,18,81,39,10
8140,15,15,15,81,40,10
8141,30,30,30,81,41,4
8142,31,31,31,81,42,4
8143,53,53,53,81,43,3
8144,69,69,69,81,44,3
8145,54,54,54,81,45,3
8146,40,40,40,81,46,7
8147,51,51,51,81,47,3
8148,48,48,48,81,48,9
8149,43,43,43,81,49,11
8150,66,66,66,81,50,3
8151,92,92,92,81,51,1
8152,81,81,81,81,52,3
8153,69,69,69,81,53,3
8154,50,50,50,81,54,3
8155,35,35,35,81,55,6
8156,27,27,27,81,56,1
8157,23,23,23,81,57,1
8158,19,19,19,81,58,1
8159,16,16,16,81,59,10
8160,15,15,15,81,60,10
8161,27,27,27,81,61,1
8162,51,51,51,81,62,3
8163,102,102,102,81,63,1
8164,143,143,143,81,64,1
8165,140,140,140,81,65,1
8166,132,132,132,81,66,1
8167,133,133,133,81,67,1
8168,104,104,104,81,68,1
8169,84,84,84,81,69,5
8170,47,47,47,81,70,9
8171,12,12,12,81,71,8
8172,3,3,3,81,72,2
8173,6,6,6,81,73,2
8174,5,5,5,81,74,2
8175,6,6,6,81,75,2
8176,6,6,6,81,76,2
8177,5,5,5,81,77,2
8178,5,5,5,81,78,2
8179,5,5,5,81,79,2
8180,5,5,5,81,80,2
8181,4,4,4,81,81,2
8182,5,5,5,81,82,2
8183,6,6,6,81,83,2
8184,5,5,5,81,84,2
8185,6,6,6,81,85,2
8186,6,6,6,81,86,2
8187,6,6,6,81,87,2
8188,2,2,2,81,88,2
8189,0,0,0,81,89,2
8190,0,0,0,81,90,2
8191,0,0,0,81,91,2
8192,0,0,0,81,92,2
8193,0,0,0,81,93,2
8194,0,0,0,81,94,2
8195,0,0,0,81,95,2
8196,0,0,0,81,96,2
8197,0,0,0,81,97,2
8198,0,0,0,81,98,2
8199,0,0,0,81,99,2
8200,0,0,0,82,0,2
8201,0,0,0,82,1,2
8202,0,0,0,82,2,2
8203,0,0,0,82,3,2
8204,0,0,0,82,4,2
8205,0,0,0,82,5,2
8206,0,0,0,82,6,2
8207,0,0,0,82,7,2
8208,0,0,0,82,8,2
8209,0,0,0,82,9,2
8210,0,0,0,82,10,2
8211,0,0,0,82,11,2
8212,5,5,5,82,12,2
8213,6,6,6,82,13,2
8214,5,5,5,82,14,2
8215,5,5,5,82,15,2
8216,4,4,4,82,16,2
8217,5,5,5,82,17,2
8218,5,5,5,82,18,2
8219,6,6,6,82,19,2
8220,5,5,5,82,20,2
8221,5,5,5,82,21,2
8222,4,4,4,82,22,2
8223,5,5,5,82,23,2
8224,5,5,5,82,24,2
8225,6,6,6,82,25,2
8226,6,6,6,82,26,2
8227,5,5,5,82,27,2
8228,6,6,6,82,28,2
8229,6,6,6,82,29,2
8230,5,5,5,82,30,2
8231,9,9,9,82,31,2
8232,39,39,39,82,32,7
8233,71,71,71,82,33,3
8234,97,97,97,82,34,1
8235,118,118,118,82,35,1
8236,135,135,135,82,36,1
8237,148,148,148,82,37,1
8238,131,131,131,82,38,1
8239,112,112,112,82,39,1
8240,73,73,73,82,40,3
8241,32,32,32,82,41,1
8242,18,18,18,82,42,10
8243,17,17,17,82,43,10
8244,24,24,24,82,44,1
8245,31,31,31,82,45,4
8246,29,29,29,82,46,4
8247,32,32,32,82,47,1
8248,37,37,37,82,48,6
8249,51,51,51,82,49,3
8250,47,47,47,82,50,9
8251,30,30,30,82,51,4
8252,20,20,20,82,52,1
8253,31,31,31,82,53,4
8254,50,50,50,82,54,3
8255,63,63,63,82,55,3
8256,72,72,72,82,56,3
8257,78,78,78,82,57,3
8258,92,92,92,82,58,1
8259,104,104,104,82,59,1
8260,121,121,121,82,60,1
8261,124,124,124,82,61,1
8262,130,130,130,82,62,1
8263,147,147,147,82,63,1
8264,136,136,136,82,64,1
8265,127,127,127,82,65,1
8266,103,103,103,82,66,1
8267,91,91,91,82,67,1
8268,69,69,69,82,68,3
8269,33,33,33,82,69,1
8270,7,7,7,82,70,2
8271,4,4,4,82,71,2
8272,5,5,5,82,72,2
8273,5,5,5,82,73,2
8274,5,5,5,82,74,2
8275,6,6,6,82,75,2
8276,6,6,6,82,76,2
8277,5,5,5,82,77,2
8278,5,5,5,82,78,2
8279,5,5,5,82,79,2
8280,5,5,5,82,80,2
8281,4,4,4,82,81,2
8282,5,5,5,82,82,2
8283,7,7,7,82,83,2
8284,5,5,5,82,84,2
8285,4,4,4,82,85,2
8286,5,5,5,82,86,2
8287,6,6,6,82,87,2
8288,2,2,2,82,88,2
8289,0,0,0,82,89,2
8290,0,0,0,82,90,2
8291,0,0,0,82,91,2
8292,0,0,0,82,92,2
8293,0,0,0,82,93,2
8294,0,0,0,82,94,2
8295,0,0,0,82,95,2
8296,0,0,0,82,96,2
8297,0,0,0,82,97,2
8298,0,0,0,82,98,2
8299,0,0,0,82,99,2
8300,0,0,0,83,0,2
8301,0,0,0,83,1,2
8302,0,0,0,83,2,2
8303,0,0,0,83,3,2
8304,0,0,0,83,4,2
8305,0,0,0,83,5,2
8306,0,0,0,83,6,2
8307,0,0,0,83,7,2
8308,0,0,0,83,8,2
8309,0,0,0,83,9,2
8310,0,0,0,83,10,2
8311,0,0,0,83,11,2
8312,4,4,4,83,12,2
8313,5,5,5,83,13,2
8314,5,5,5,83,14,2
8315,5,5,5,83,15,2
8316,5,5,5,83,16,2
8317,5,5,5,83,17,2
8318,5,5,5,83,18,2
8319,5,5,5,83,19,2
8320,4,4,4,83,20,2
8321,4,4,4,83,21,2
8322,5,5,5,83,22,2
8323,5,5,5,83,23,2
8324,5,5,5,83,24,2
8325,5,5,5,83,25,2
8326,5,5,5,83,26,2
8327,6,6,6,83,27,2
8328,6,6,6,83,28,2
8329,6,6,6,83,29,2
8330,7,7,7,83,30,2
8331,6,6,6,83,31,2
8332,4,4,4,83,32,2
8333,22,22,22,83,33,1
8334,58,58,58,83,34,3
8335,78,78,78,83,35,3
8336,100,100,100,83,36,1
8337,121,121,121,83,37,1
8338,133,133,133,83,38,1
8339,145,145,145,83,39,1
8340,134,134,134,83,40,1
8341,128,128,128,83,41,1
8342,103,103,103,83,42,1
8343,84,84,84,83,43,5
8344,47,47,47,83,44,9
8345,28,28,28,83,45,1
8346,21,21,21,83,46,1
8347,16,16,16,83,47,10
8348,19,19,19,83,48,1
8349,16,16,16,83,49,10
8350,25,25,25,83,50,1
8351,54,54,54,83,51,3
8352,85,85,85,83,52,5
8353,112,112,112,83,53,1
8354,126,126,126,83,54,1
8355,131,131,131,83,55,1
8356,138,138,138,83,56,1
8357,149,149,149,83,57,1
8358,158,158,158,83,58,1
8359,149,149,149,83,59,1
8360,150,150,150,83,60,1
8361,135,135,135,83,61,1
8362,126,126,126,83,62,1
8363,117,117,117,83,63,1
8364,100,100,100,83,64,1
8365,85,85,85,83,65,5
8366,64,64,64,83,66,3
8367,42,42,42,83,67,11
8368,18,18,18,83,68,10
8369,4,4,4,83,69,2
8370,4,4,4,83,70,2
8371,5,5,5,83,71,2
8372,5,5,5,83,72,2
8373,5,5,5,83,73,2
8374,5,5,5,83,74,2
8375,5,5,5,83,75,2
8376,5,5,5,83,76,2
8377,5,5,5,83,77,2
8378,5,5,5,83,78,2
8379,5,5,5,83,79,2
8380,5,5,5,83,80,2
8381,5,5,5,83,81,2
8382,5,5,5,83,82,2
8383,5,5,5,83,83,2
8384,5,5,5,83,84,2
8385,5,5,5,83,85,2
8386,5,5,5,83,86,2
8387,5,5,5,83,87,2
8388,2,2,2,83,88,2
8389,0,0,0,83,89,2
8390,0,0,0,83,90,2
8391,0,0,0,83,91,2
8392,0,0,0,83,92,2
8393,0,0,0,83,93,2
8394,0,0,0,83,94,2
8395,0,0,0,83,95,2
8396,0,0,0,83,96,2
8397,0,0,0,83,97,2
8398,0,0,0,83,98,2
8399,0,0,0,83,99,2
8400,0,0,0,84,0,2
8401,0,0,0,84,1,2
8402,0,0,0,84,2,2
8403,0,0,0,84,3,2
8404,0,0,0,84,4,2
8405,0,0,0,84,5,2
8406,0,0,0,84,6,2
8407,0,0,0,84,7,2
8408,0,0,0,84,8,2
8409,0,0,0,84,9,2
8410,0,0,0,84,10,2
8411,0,0,0,84,11,2
8412,4,4,4,84,12,2
8413,5,5,5,84,13,2
8414,5,5,5,84,14,2
8415,5,5,5,84,15,2
8416,5,5,5,84,16,2
8417,6,6,6,84,17,2
8418,5,5,5,84,18,2
8419,5,5,5,84,19,2
8420,5,5,5,84,20,2
8421,5,5,5,84,21,2
8422,5,5,5,84,22,2
8423,5,5,5,84,23,2
8424,5,5,5,84,24,2
8425,5,5,5,84,25,2
8426,5,5,5,84,26,2
8427,5,5,5,84,27,2
8428,5,5,5,84,28,2
8429,5,5,5,84,29,2
8430,6,6,6,84,30,2
8431,6,6,6,84,31,2
8432,5,5,5,84,32,2
8433,3,3,3,84,33,2
8434,10,10,10,84,34,2
8435,33,33,33,84,35,1
8436,62,62,62,84,36,3
8437,82,82,82,84,37,3
8438,107,107,107,84,38,1
8439,119,119,119,84,39,1
8440,127,127,127,84,40,1
8441,137,137,137,84,41,1
8442,146,146,146,84,42,1
8443,139,139,139,84,43,1
8444,139,139,139,84,44,1
8445,128,128,128,84,45,1
8446,132,132,132,84,46,1
8447,121,121,121,84,47,1
8448,110,110,110,84,48,1
8449,123,123,123,84,49,1
8450,131,131,131,84,50,1
8451,147,147,147,84,51,1
8452,151,151,151,84,52,1
8453,161,161,161,84,53,1
8454,154,154,154,84,54,1
8455,145,145,145,84,55,1
8456,148,148,148,84,56,1
8457,137,137,137,84,57,1
8458,137,137,137,84,58,1
8459,127,127,127,84,59,1
8460,123,123,123,84,60,1
8461,112,112,112,84,61,1
8462,98,98,98,84,62,1
8463,82,82,82,84,63,3
8464,59,59,59,84,64,3
8465,32,32,32,84,65,1
8466,15,15,15,84,66,10
8467,4,4,4,84,67,2
8468,4,4,4,84,68,2
8469,5,5,5,84,69,2
8470,5,5,5,84,70,2
8471,5,5,5,84,71,2
8472,4,4,4,84,72,2
8473,4,4,4,84,73,2
8474,6,6,6,84,74,2
8475,5,5,5,84,75,2
8476,6,6,6,84,76,2
8477,5,5,5,84,77,2
8478,5,5,5,84,78,2
8479,5,5,5,84,79,2
8480,5,5,5,84,80,2
8481,5,5,5,84,81,2
8482,5,5,5,84,82,2
8483,5,5,5,84,83,2
8484,5,5,5,84,84,2
8485,5,5,5,84,85,2
8486,4,4,4,84,86,2
8487,5,5,5,84,87,2
8488,2,2,2,84,88,2
8489,0,0,0,84,89,2
8490,0,0,0,84,90,2
8491,0,0,0,84,91,2
8492,0,0,0,84,92,2
8493,0,0,0,84,93,2
8494,0,0,0,84,94,2
8495,0,0,0,84,95,2
8496,0,0,0,84,96,2
8497,0,0,0,84,97,2
8498,0,0,0,84,98,2
8499,0,0,0,84,99,2
8500,0,0,0,85,0,2
8501,0,0,0,85,1,2
8502,0,0,0,85,2,2
8503,0,0,0,85,3,2
8504,0,0,0,85,4,2
8505,0,0,0,85,5,2
8506,0,0,0,85,6,2
8507,0,0,0,85,7,2
8508,0,0,0,85,8,2
8509,0,0,0,85,9,2
8510,0,0,0,85,10,2
8511,0,0,0,85,11,2
8512,4,4,4,85,12,2
8513,5,5,5,85,13,2
8514,5,5,5,85,14,2
8515,5,5,5,85,15,2
8516,5,5,5,85,16,2
8517,6,6,6,85,17,2
8518,6,6,6,85,18,2
8519,5,5,5,85,19,2
8520,5,5,5,85,20,2
8521,5,5,5,85,21,2
8522,5,5,5,85,22,2
8523,5,5,5,85,23,2
8524,5,5,5,85,24,2
8525,5,5,5,85,25,2
8526,5,5,5,85,26,2
8527,5,5,5,85,27,2
8528,5,5,5,85,28,2
8529,5,5,5,85,29,2
8530,6,6,6,85,30,2
8531,6,6,6,85,31,2
8532,6,6,6,85,32,2
8533,5,5,5,85,33,2
8534,5,5,5,85,34,2
8535,5,5,5,85,35,2
8536,14,14,14,85,36,8
8537,35,35,35,85,37,6
8538,62,62,62,85,38,3
8539,79,79,79,85,39,3
8540,96,96,96,85,40,1
8541,114,114,114,85,41,1
8542,122,122,122,85,42,1
8543,132,132,132,85,43,1
8544,137,137,137,85,44,1
8545,143,143,143,85,45,1
8546,151,151,151,85,46,1
8547,140,140,140,85,47,1
8548,138,138,138,85,48,1
8549,155,155,155,85,49,1
8550,153,153,153,85,50,1
8551,156,156,156,85,51,1
8552,147,147,147,85,52,1
8553,126,126,126,85,53,1
8554,136,136,136,85,54,1
8555,127,127,127,85,55,1
8556,119,119,119,85,56,1
8557,111,111,111,85,57,1
8558,100,100,100,85,58,1
8559,98,98,98,85,59,1
8560,89,89,89,85,60,1
8561,73,73,73,85,61,3
8562,46,46,46,85,62,9
8563,24,24,24,85,63,1
8564,10,10,10,85,64,2
8565,4,4,4,85,65,2
8566,4,4,4,85,66,2
8567,5,5,5,85,67,2
8568,5,5,5,85,68,2
8569,5,5,5,85,69,2
8570,5,5,5,85,70,2
8571,5,5,5,85,71,2
8572,4,4,4,85,72,2
8573,5,5,5,85,73,2
8574,5,5,5,85,74,2
8575,5,5,5,85,75,2
8576,5,5,5,85,76,2
8577,5,5,5,85,77,2
8578,5,5,5,85,78,2
8579,5,5,5,85,79,2
8580,5,5,5,85,80,2
8581,5,5,5,85,81,2
8582,5,5,5,85,82,2
8583,5,5,5,85,83,2
8584,6,6,6,85,84,2
8585,5,5,5,85,85,2
8586,5,5,5,85,86,2
8587,5,5,5,85,87,2
8588,2,2,2,85,88,2
8589,0,0,0,85,89,2
8590,0,0,0,85,90,2
8591,0,0,0,85,91,2
8592,0,0,0,85,92,2
8593,0,0,0,85,93,2
8594,0,0,0,85,94,2
8595,0,0,0,85,95,2
8596,0,0,0,85,96,2
8597,0,0,0,85,97,2
8598,0,0,0,85,98,2
8599,0,0,0,85,99,2
8600,0,0,0,86,0,2
8601,0,0,0,86,1,2
8602,0,0,0,86,2,2
8603,0,0,0,86,3,2
8604,0,0,0,86,4,2
8605,0,0,0,86,5,2
8606,0,0,0,86,6,2
8607,0,0,0,86,7,2
8608,0,0,0,86,8,2
8609,0,0,0,86,9,2
8610,0,0,0,86,10,2
8611,0,0,0,86,11,2
8612,4,4,4,86,12,2
8613,5,5,5,86,13,2
8614,5,5,5,86,14,2
8615,5,5,5,86,15,2
8616,5,5,5,86,16,2
8617,5,5,5,86,17,2
8618,5,5,5,86,18,2
8619,5,5,5,86,19,2
8620,6,6,6,86,20,2
8621,6,6,6,86,21,2
8622,4,4,4,86,22,2
8623,5,5,5,86,23,2
8624,5,5,5,86,24,2
8625,5,5,5,86,25,2
8626,5,5,5,86,26,2
8627,5,5,5,86,27,2
8628,5,5,5,86,28,2
8629,5,5,5,86,29,2
8630,5,5,5,86,30,2
8631,4,4,4,86,31,2
8632,6,6,6,86,32,2
8633,5,5,5,86,33,2
8634,5,5,5,86,34,2
8635,5,5,5,86,35,2
8636,5,5,5,86,36,2
8637,5,5,5,86,37,2
8638,11,11,11,86,38,2
8639,27,27,27,86,39,1
8640,49,49,49,86,40,1
8641,72,72,72,86,41,3
8642,90,90,90,86,42,1
8643,101,101,101,86,43,1
8644,106,106,106,86,44,1
8645,116,116,116,86,45,1
8646,123,123,123,86,46,1
8647,120,120,120,86,47,1
8648,127,127,127,86,48,1
8649,130,130,130,86,49,1
8650,123,123,123,86,50,1
8651,125,125,125,86,51,1
8652,118,118,118,86,52,1
8653,105,105,105,86,53,1
8654,106,106,106,86,54,1
8655,91,91,91,86,55,1
8656,73,73,73,86,56,3
8657,58,58,58,86,57,3
8658,46,46,46,86,58,9
8659,40,40,40,86,59,7
8660,28,28,28,86,60,1
8661,12,12,12,86,61,8
8662,5,5,5,86,62,2
8663,2,2,2,86,63,2
8664,4,4,4,86,64,2
8665,5,5,5,86,65,2
8666,5,5,5,86,66,2
8667,5,5,5,86,67,2
8668,5,5,5,86,68,2
8669,4,4,4,86,69,2
8670,5,5,5,86,70,2
8671,4,4,4,86,71,2
8672,5,5,5,86,72,2
8673,5,5,5,86,73,2
8674,5,5,5,86,74,2
8675,5,5,5,86,75,2
8676,5,5,5,86,76,2
8677,5,5,5,86,77,2
8678,5,5,5,86,78,2
8679,5,5,5,86,79,2
8680,5,5,5,86,80,2
8681,5,5,5,86,81,2
8682,5,5,5,86,82,2
8683,5,5,5,86,83,2
8684,5,5,5,86,84,2
8685,5,5,5,86,85,2
8686,5,5,5,86,86,2
8687,5,5,5,86,87,2
8688,1,1,1,86,88,2
8689,0,0,0,86,89,2
8690,0,0,0,86,90,2
8691,0,0,0,86,91,2
8692,0,0,0,86,92,2
8693,0,0,0,86,93,2
8694,0,0,0,86,94,2
8695,0,0,0,86,95,2
8696,0,0,0,86,96,2
8697,0,0,0,86,97,2
8698,0,0,0,86,98,2
8699,0,0,0,86,99,2
8700,0,0,0,87,0,2
8701,0,0,0,87,1,2
8702,0,0,0,87,2,2
8703,0,0,0,87,3,2
8704,0,0,0,87,4,2
8705,0,0,0,87,5,2
8706,0,0,0,87,6,2
8707,0,0,0,87,7,2
8708,0,0,0,87,8,2
8709,0,0,0,87,9,2
8710,0,0,0,87,10,2
8711,0,0,0,87,11,2
8712,3,3,3,87,12,2
8713,5,5,5,87,13,2
8714,5,5,5,87,14,2
8715,5,5,5,87,15,2
8716,5,5,5,87,16,2
8717,6,6,6,87,17,2
8718,4,4,4,87,18,2
8719,5,5,5,87,19,2
8720,5,5,5,87,20,2
8721,6,6,6,87,21,2
8722,4,4,4,87,22,2
8723,4,4,4,87,23,2
8724,4,4,4,87,24,2
8725,5,5,5,87,25,2
8726,5,5,5,87,26,2
8727,5,5,5,87,27,2
8728,4,4,4,87,28,2
8729,4,4,4,87,29,2
8730,4,4,4,87,30,2
8731,4,4,4,87,31,2
8732,6,6,6,87,32,2
8733,5,5,5,87,33,2
8734,6,6,6,87,34,2
8735,5,5,5,87,35,2
8736,6,6,6,87,36,2
8737,6,6,6,87,37,2
8738,5,5,5,87,38,2
8739,4,4,4,87,39,2
8740,7,7,7,87,40,2
8741,16,16,16,87,41,10
8742,30,30,30,87,42,4
8743,44,44,44,87,43,11
8744,57,57,57,87,44,3
8745,70,70,70,87,45,3
8746,76,76,76,87,46,3
8747,80,80,80,87,47,3
8748,85,85,85,87,48,5
8749,83,83,83,87,49,1
8750,79,79,79,87,50,3
8751,74,74,74,87,51,3
8752,63,63,63,87,52,3
8753,52,52,52,87,53,3
8754,37,37,37,87,54,6
8755,24,24,24,87,55,1
8756,16,16,16,87,56,10
8757,8,8,8,87,57,2
8758,4,4,4,87,58,2
8759,3,3,3,87,59,2
8760,2,2,2,87,60,2
8761,4,4,4,87,61,2
8762,6,6,6,87,62,2
8763,5,5,5,87,63,2
8764,5,5,5,87,64,2
8765,5,5,5,87,65,2
8766,5,5,5,87,66,2
8767,5,5,5,87,67,2
8768,5,5,5,87,68,2
8769,4,4,4,87,69,2
8770,5,5,5,87,70,2
8771,5,5,5,87,71,2
8772,5,5,5,87,72,2
8773,5,5,5,87,73,2
8774,4,4,4,87,74,2
8775,4,4,4,87,75,2
8776,4,4,4,87,76,2
8777,5,5,5,87,77,2
8778,4,4,4,87,78,2
8779,4,4,4,87,79,2
8780,5,5,5,87,80,2
8781,5,5,5,87,81,2
8782,5,5,5,87,82,2
8783,5,5,5,87,83,2
8784,4,4,4,87,84,2
8785,5,5,5,87,85,2
8786,5,5,5,87,86,2
8787,5,5,5,87,87,2
8788,1,1,1,87,88,2
8789,0,0,0,87,89,2
8790,0,0,0,87,90,2
8791,0,0,0,87,91,2
8792,0,0,0,87,92,2
8793,0,0,0,87,93,2
8794,0,0,0,87,94,2
8795,0,0,0,87,95,2
8796,0,0,0,87,96,2
8797,0,0,0,87,97,2
8798,0,0,0,87,98,2
8799,0,0,0,87,99,2
8800,0,0,0,88,0,2
8801,0,0,0,88,1,2
8802,0,0,0,88,2,2
8803,0,0,0,88,3,2
8804,0,0,0,88,4,2
8805,0,0,0,88,5,2
8806,0,0,0,88,6,2
8807,0,0,0,88,7,2
8808,0,0,0,88,8,2
8809,0,0,0,88,9,2
8810,0,0,0,88,10,2
8811,0,0,0,88,11,2
8812,3,3,3,88,12,2
8813,5,5,5,88,13,2
8814,5,5,5,88,14,2
8815,5,5,5,88,15,2
8816,5,5,5,88,16,2
8817,6,6,6,88,17,2
8818,4,4,4,88,18,2
8819,5,5,5,88,19,2
8820,5,5,5,88,20,2
8821,5,5,5,88,21,2
8822,4,4,4,88,22,2
8823,4,4,4,88,23,2
8824,4,4,4,88,24,2
8825,5,5,5,88,25,2
8826,5,5,5,88,26,2
8827,5,5,5,88,27,2
8828,5,5,5,88,28,2
8829,5,5,5,88,29,2
8830,5,5,5,88,30,2
8831,5,5,5,88,31,2
8832,5,5,5,88,32,2
8833,5,5,5,88,33,2
8834,5,5,5,88,34,2
8835,7,7,7,88,35,2
8836,6,6,6,88,36,2
8837,6,6,6,88,37,2
8838,6,6,6,88,38,2
8839,5,5,5,88,39,2
8840,5,5,5,88,40,2
8841,4,4,4,88,41,2
8842,4,4,4,88,42,2
8843,5,5,5,88,43,2
8844,7,7,7,88,44,2
8845,10,10,10,88,45,2
8846,15,15,15,88,46,10
8847,19,19,19,88,47,1
8848,21,21,21,88,48,1
8849,19,19,19,88,49,1
8850,17,17,17,88,50,10
8851,12,12,12,88,51,8
8852,7,7,7,88,52,2
8853,5,5,5,88,53,2
8854,3,3,3,88,54,2
8855,4,4,4,88,55,2
8856,5,5,5,88,56,2
8857,5,5,5,88,57,2
8858,5,5,5,88,58,2
8859,5,5,5,88,59,2
8860,5,5,5,88,60,2
8861,5,5,5,88,61,2
8862,4,4,4,88,62,2
8863,5,5,5,88,63,2
8864,5,5,5,88,64,2
8865,5,5,5,88,65,2
8866,5,5,5,88,66,2
8867,4,4,4,88,67,2
8868,4,4,4,88,68,2
8869,5,5,5,88,69,2
8870,5,5,5,88,70,2
8871,5,5,5,88,71,2
8872,5,5,5,88,72,2
8873,4,4,4,88,73,2
8874,4,4,4,88,74,2
8875,4,4,4,88,75,2
8876,4,4,4,88,76,2
8877,5,5,5,88,77,2
8878,5,5,5,88,78,2
8879,5,5,5,88,79,2
8880,5,5,5,88,80,2
8881,4,4,4,88,81,2
8882,5,5,5,88,82,2
8883,5,5,5,88,83,2
8884,5,5,5,88,84,2
8885,5,5,5,88,85,2
8886,5,5,5,88,86,2
8887,5,5,5,88,87,2
8888,1,1,1,88,88,2
8889,0,0,0,88,89,2
8890,0,0,0,88,90,2
8891,0,0,0,88,91,2
8892,0,0,0,88,92,2
8893,0,0,0,88,93,2
8894,0,0,0,88,94,2
8895,0,0,0,88,95,2
8896,0,0,0,88,96,2
8897,0,0,0,88,97,2
8898,0,0,0,88,98,2
8899,0,0,0,88,99,2
8900,0,0,0,89,0,2
8901,0,0,0,89,1,2
8902,0,0,0,89,2,2
8903,0,0,0,89,3,2
8904,0,0,0,89,4,2
8905,0,0,0,89,5,2
8906,0,0,0,89,6,2
8907,0,0,0,89,7,2
8908,0,0,0,89,8,2
8909,0,0,0,89,9,2
8910,0,0,0,89,10,2
8911,0,0,0,89,11,2
8912,3,3,3,89,12,2
8913,5,5,5,89,13,2
8914,6,6,6,89,14,2
8915,6,6,6,89,15,2
8916,5,5,5,89,16,2
8917,5,5,5,89,17,2
8918,5,5,5,89,18,2
8919,5,5,5,89,19,2
8920,5,5,5,89,20,2
8921,5,5,5,89,21,2
8922,7,7,7,89,22,2
8923,5,5,5,89,23,2
8924,5,5,5,89,24,2
8925,5,5,5,89,25,2
8926,5,5,5,89,26,2
8927,5,5,5,89,27,2
8928,5,5,5,89,28,2
8929,5,5,5,89,29,2
8930,5,5,5,89,30,2
8931,5,5,5,89,31,2
8932,5,5,5,89,32,2
8933,5,5,5,89,33,2
8934,5,5,5,89,34,2
8935,6,6,6,89,35,2
8936,5,5,5,89,36,2
8937,6,6,6,89,37,2
8938,5,5,5,89,38,2
8939,5,5,5,89,39,2
8940,6,6,6,89,40,2
8941,5,5,5,89,41,2
8942,5,5,5,89,42,2
8943,5,5,5,89,43,2
8944,5,5,5,89,44,2
8945,5,5,5,89,45,2
8946,5,5,5,89,46,2
8947,3,3,3,89,47,2
8948,3,3,3,89,48,2
8949,3,3,3,89,49,2
8950,4,4,4,89,50,2
8951,4,4,4,89,51,2
8952,5,5,5,89,52,2
8953,6,6,6,89,53,2
8954,7,7,7,89,54,2
8955,7,7,7,89,55,2
8956,7,7,7,89,56,2
8957,6,6,6,89,57,2
8958,5,5,5,89,58,2
8959,6,6,6,89,59,2
8960,6,6,6,89,60,2
8961,5,5,5,89,61,2
8962,5,5,5,89,62,2
8963,5,5,5,89,63,2
8964,5,5,5,89,64,2
8965,5,5,5,89,65,2
8966,5,5,5,89,66,2
8967,5,5,5,89,67,2
8968,5,5,5,89,68,2
8969,5,5,5,89,69,2
8970,5,5,5,89,70,2
8971,5,5,5,89,71,2
8972,5,5,5,89,72,2
8973,4,4,4,89,73,2
8974,5,5,5,89,74,2
8975,5,5,5,89,75,2
8976,5,5,5,89,76,2
8977,6,6,6,89,77,2
8978,5,5,5,89,78,2
8979,5,5,5,89,79,2
8980,5,5,5,89,80,2
8981,5,5,5,89,81,2
8982,5,5,5,89,82,2
8983,6,6,6,89,83,2
8984,7,7,7,89,84,2
8985,7,7,7,89,85,2
8986,6,6,6,89,86,2
8987,5,5,5,89,87,2
8988,1,1,1,89,88,2
8989,0,0,0,89,89,2
8990,0,0,0,89,90,2
8991,0,0,0,89,91,2
8992,0,0,0,89,92,2
8993,0,0,0,89,93,2
8994,0,0,0,89,94,2
8995,0,0,0,89,95,2
8996,0,0,0,89,96,2
8997,0,0,0,89,97,2
8998,0,0,0,89,98,2
8999,0,0,0,89,99,2
9000,0,0,0,90,0,2
9001,0,0,0,90,1,2
9002,0,0,0,90,2,2
9003,0,0,0,90,3,2
9004,0,0,0,90,4,2
9005,0,0,0,90,5,2
9006,0,0,0,90,6,2
9007,0,0,0,90,7,2
9008,0,0,0,90,8,2
9009,0,0,0,90,9,2
9010,0,0,0,90,10,2
9011,0,0,0,90,11,2
9012,2,2,2,90,12,2
9013,6,6,6,90,13,2
9014,7,7,7,90,14,2
9015,6,6,6,90,15,2
9016,5,5,5,90,16,2
9017,5,5,5,90,17,2
9018,5,5,5,90,18,2
9019,5,5,5,90,19,2
9020,5,5,5,90,20,2
9021,5,5,5,90,21,2
9022,6,6,6,90,22,2
9023,5,5,5,90,23,2
9024,5,5,5,90,24,2
9025,5,5,5,90,25,2
9026,5,5,5,90,26,2
9027,5,5,5,90,27,2
9028,5,5,5,90,28,2
9029,5,5,5,90,29,2
9030,5,5,5,90,30,2
9031,5,5,5,90,31,2
9032,5,5,5,90,32,2
9033,5,5,5,90,33,2
9034,4,4,4,90,34,2
9035,4,4,4,90,35,2
9036,5,5,5,90,36,2
9037,5,5,5,90,37,2
9038,5,5,5,90,38,2
9039,5,5,5,90,39,2
9040,6,6,6,90,40,2
9041,7,7,7,90,41,2
9042,5,5,5,90,42,2
9043,5,5,5,90,43,2
9044,5,5,5,90,44,2
9045,6,6,6,90,45,2
9046,6,6,6,90,46,2
9047,5,5,5,90,47,2
9048,4,4,4,90,48,2
9049,5,5,5,90,49,2
9050,5,5,5,90,50,2
9051,4,4,4,90,51,2
9052,6,6,6,90,52,2
9053,6,6,6,90,53,2
9054,5,5,5,90,54,2
9055,5,5,5,90,55,2
9056,6,6,6,90,56,2
9057,5,5,5,90,57,2
9058,5,5,5,90,58,2
9059,5,5,5,90,59,2
9060,6,6,6,90,60,2
9061,5,5,5,90,61,2
9062,5,5,5,90,62,2
9063,5,5,5,90,63,2
9064,5,5,5,90,64,2
9065,5,5,5,90,65,2
9066,5,5,5,90,66,2
9067,5,5,5,90,67,2
9068,5,5,5,90,68,2
9069,5,5,5,90,69,2
9070,5,5,5,90,70,2
9071,5,5,5,90,71,2
9072,5,5,5,90,72,2
9073,4,4,4,90,73,2
9074,5,5,5,90,74,2
9075,5,5,5,90,75,2
9076,5,5,5,90,76,2
9077,4,4,4,90,77,2
9078,5,5,5,90,78,2
9079,5,5,5,90,79,2
9080,5,5,5,90,80,2
9081,5,5,5,90,81,2
9082,5,5,5,90,82,2
9083,6,6,6,90,83,2
9084,6,6,6,90,84,2
9085,6,6,6,90,85,2
9086,5,5,5,90,86,2
9087,5,5,5,90,87,2
9088,1,1,1,90,88,2
9089,0,0,0,90,89,2
9090,0,0,0,90,90,2
9091,0,0,0,90,91,2
9092,0,0,0,90,92,2
9093,0,0,0,90,93,2
9094,0,0,0,90,94,2
9095,0,0,0,90,95,2
9096,0,0,0,90,96,2
9097,0,0,0,90,97,2
9098,0,0,0,90,98,2
9099,0,0,0,90,99,2
9100,0,0,0,91,0,2
9101,0,0,0,91,1,2
9102,0,0,0,91,2,2
9103,0,0,0,91,3,2
9104,0,0,0,91,4,2
9105,0,0,0,91,5,2
9106,0,0,0,91,6,2
9107,0,0,0,91,7,2
9108,0,0,0,91,8,2
9109,0,0,0,91,9,2
9110,0,0,0,91,10,2
9111,0,0,0,91,11,2
9112,2,2,2,91,12,2
9113,6,6,6,91,13,2
9114,6,6,6,91,14,2
9115,6,6,6,91,15,2
9116,5,5,5,91,16,2
9117,6,6,6,91,17,2
9118,6,6,6,91,18,2
9119,5,5,5,91,19,2
9120,5,5,5,91,20,2
9121,5,5,5,91,21,2
9122,5,5,5,91,22,2
9123,5,5,5,91,23,2
9124,5,5,5,91,24,2
9125,5,5,5,91,25,2
9126,5,5,5,91,26,2
9127,5,5,5,91,27,2
9128,5,5,5,91,28,2
9129,5,5,5,91,29,2
9130,5,5,5,91,30,2
9131,5,5,5,91,31,2
9132,5,5,5,91,32,2
9133,5,5,5,91,33,2
9134,5,5,5,91,34,2
9135,5,5,5,91,35,2
9136,5,5,5,91,36,2
9137,5,5,5,91,37,2
9138,5,5,5,91,38,2
9139,5,5,5,91,39,2
9140,5,5,5,91,40,2
9141,5,5,5,91,41,2
9142,4,4,4,91,42,2
9143,5,5,5,91,43,2
9144,5,5,5,91,44,2
9145,5,5,5,91,45,2
9146,5,5,5,91,46,2
9147,5,5,5,91,47,2
9148,5,5,5,91,48,2
9149,5,5,5,91,49,2
9150,5,5,5,91,50,2
9151,5,5,5,91,51,2
9152,5,5,5,91,52,2
9153,5,5,5,91,53,2
9154,5,5,5,91,54,2
9155,5,5,5,91,55,2
9156,5,5,5,91,56,2
9157,5,5,5,91,57,2
9158,5,5,5,91,58,2
9159,4,4,4,91,59,2
9160,5,5,5,91,60,2
9161,5,5,5,91,61,2
9162,5,5,5,91,62,2
9163,5,5,5,91,63,2
9164,5,5,5,91,64,2
9165,5,5,5,91,65,2
9166,5,5,5,91,66,2
9167,5,5,5,91,67,2
9168,5,5,5,91,68,2
9169,5,5,5,91,69,2
9170,5,5,5,91,70,2
9171,5,5,5,91,71,2
9172,5,5,5,91,72,2
9173,5,5,5,91,73,2
9174,5,5,5,91,74,2
9175,5,5,5,91,75,2
9176,5,5,5,91,76,2
9177,5,5,5,91,77,2
9178,5,5,5,91,78,2
9179,5,5,5,91,79,2
9180,5,5,5,91,80,2
9181,5,5,5,91,81,2
9182,5,5,5,91,82,2
9183,7,7,7,91,83,2
9184,5,5,5,91,84,2
9185,5,5,5,91,85,2
9186,5,5,5,91,86,2
9187,5,5,5,91,87,2
9188,1,1,1,91,88,2
9189,0,0,0,91,89,2
9190,0,0,0,91,90,2
9191,0,0,0,91,91,2
9192,0,0,0,91,92,2
9193,0,0,0,91,93,2
9194,0,0,0,91,94,2
9195,0,0,0,91,95,2
9196,0,0,0,91,96,2
9197,0,0,0,91,97,2
9198,0,0,0,91,98,2
9199,0,0,0,91,99,2
9200,0,0,0,92,0,2
9201,0,0,0,92,1,2
9202,0,0,0,92,2,2
9203,0,0,0,92,3,2
9204,0,0,0,92,4,2
9205,0,0,0,92,5,2
9206,0,0,0,92,6,2
9207,0,0,0,92,7,2
9208,0,0,0,92,8,2
9209,0,0,0,92,9,2
9210,0,0,0,92,10,2
9211,0,0,0,92,11,2
9212,2,2,2,92,12,2
9213,6,6,6,92,13,2
9214,5,5,5,92,14,2
9215,5,5,5,92,15,2
9216,5,5,5,92,16,2
9217,6,6,6,92,17,2
9218,6,6,6,92,18,2
9219,5,5,5,92,19,2
9220,5,5,5,92,20,2
9221,5,5,5,92,21,2
9222,5,5,5,92,22,2
9223,5,5,5,92,23,2
9224,5,5,5,92,24,2
9225,5,5,5,92,25,2
9226,5,5,5,92,26,2
9227,5,5,5,92,27,2
9228,5,5,5,92,28,2
9229,5,5,5,92,29,2
9230,5,5,5,92,30,2
9231,5,5,5,92,31,2
9232,5,5,5,92,32,2
9233,5,5,5,92,33,2
9234,5,5,5,92,34,2
9235,5,5,5,92,35,2
9236,6,6,6,92,36,2
9237,6,6,6,92,37,2
9238,6,6,6,92,38,2
9239,5,5,5,92,39,2
9240,5,5,5,92,40,2
9241,5,5,5,92,41,2
9242,5,5,5,92,42,2
9243,5,5,5,92,43,2
9244,5,5,5,92,44,2
9245,5,5,5,92,45,2
9246,5,5,5,92,46,2
9247,5,5,5,92,47,2
9248,5,5,5,92,48,2
9249,5,5,5,92,49,2
9250,5,5,5,92,50,2
9251,5,5,5,92,51,2
9252,5,5,5,92,52,2
9253,5,5,5,92,53,2
9254,5,5,5,92,54,2
9255,4,4,4,92,55,2
9256,5,5,5,92,56,2
9257,5,5,5,92,57,2
9258,5,5,5,92,58,2
9259,5,5,5,92,59,2
9260,5,5,5,92,60,2
9261,5,5,5,92,61,2
9262,5,5,5,92,62,2
9263,5,5,5,92,63,2
9264,5,5,5,92,64,2
9265,5,5,5,92,65,2
9266,4,4,4,92,66,2
9267,5,5,5,92,67,2
9268,5,5,5,92,68,2
9269,4,4,4,92,69,2
9270,4,4,4,92,70,2
9271,4,4,4,92,71,2
9272,5,5,5,92,72,2
9273,5,5,5,92,73,2
9274,4,4,4,92,74,2
9275,5,5,5,92,75,2
9276,5,5,5,92,76,2
9277,5,5,5,92,77,2
9278,4,4,4,92,78,2
9279,6,6,6,92,79,2
9280,5,5,5,92,80,2
9281,6,6,6,92,81,2
9282,6,6,6,92,82,2
9283,6,6,6,92,83,2
9284,6,6,6,92,84,2
9285,6,6,6,92,85,2
9286,5,5,5,92,86,2
9287,4,4,4,92,87,2
9288,0,0,0,92,88,2
9289,0,0,0,92,89,2
9290,0,0,0,92,90,2
9291,0,0,0,92,91,2
9292,0,0,0,92,92,2
9293,0,0,0,92,93,2
9294,0,0,0,92,94,2
9295,0,0,0,92,95,2
9296,0,0,0,92,96,2
9297,0,0,0,92,97,2
9298,0,0,0,92,98,2
9299,0,0,0,92,99,2
9300,0,0,0,93,0,2
9301,0,0,0,93,1,2
9302,0,0,0,93,2,2
9303,0,0,0,93,3,2
9304,0,0,0,93,4,2
9305,0,0,0,93,5,2
9306,0,0,0,93,6,2
9307,0,0,0,93,7,2
9308,0,0,0,93,8,2
9309,0,0,0,93,9,2
9310,0,0,0,93,10,2
9311,0,0,0,93,11,2
9312,2,2,2,93,12,2
9313,6,6,6,93,13,2
9314,5,5,5,93,14,2
9315,5,5,5,93,15,2
9316,5,5,5,93,16,2
9317,6,6,6,93,17,2
9318,6,6,6,93,18,2
9319,5,5,5,93,19,2
9320,5,5,5,93,20,2
9321,5,5,5,93,21,2
9322,5,5,5,93,22,2
9323,5,5,5,93,23,2
9324,5,5,5,93,24,2
9325,5,5,5,93,25,2
9326,5,5,5,93,26,2
9327,5,5,5,93,27,2
9328,5,5,5,93,28,2
9329,5,5,5,93,29,2
9330,5,5,5,93,30,2
9331,5,5,5,93,31,2
9332,5,5,5,93,32,2
9333,5,5,5,93,33,2
9334,5,5,5,93,34,2
9335,5,5,5,93,35,2
9336,4,4,4,93,36,2
9337,4,4,4,93,37,2
9338,4,4,4,93,38,2
9339,5,5,5,93,39,2
9340,5,5,5,93,40,2
9341,5,5,5,93,41,2
9342,5,5,5,93,42,2
9343,5,5,5,93,43,2
9344,5,5,5,93,44,2
9345,5,5,5,93,45,2
9346,5,5,5,93,46,2
9347,5,5,5,93,47,2
9348,5,5,5,93,48,2
9349,5,5,5,93,49,2
9350,5,5,5,93,50,2
9351,5,5,5,93,51,2
9352,5,5,5,93,52,2
9353,5,5,5,93,53,2
9354,5,5,5,93,54,2
9355,4,4,4,93,55,2
9356,5,5,5,93,56,2
9357,5,5,5,93,57,2
9358,5,5,5,93,58,2
9359,4,4,4,93,59,2
9360,5,5,5,93,60,2
9361,5,5,5,93,61,2
9362,5,5,5,93,62,2
9363,6,6,6,93,63,2
9364,5,5,5,93,64,2
9365,6,6,6,93,65,2
9366,6,6,6,93,66,2
9367,4,4,4,93,67,2
9368,4,4,4,93,68,2
9369,4,4,4,93,69,2
9370,4,4,4,93,70,2
9371,4,4,4,93,71,2
9372,5,5,5,93,72,2
9373,6,6,6,93,73,2
9374,6,6,6,93,74,2
9375,5,5,5,93,75,2
9376,5,5,5,93,76,2
9377,5,5,5,93,77,2
9378,4,4,4,93,78,2
9379,6,6,6,93,79,2
9380,5,5,5,93,80,2
9381,5,5,5,93,81,2
9382,6,6,6,93,82,2
9383,6,6,6,93,83,2
9384,6,6,6,93,84,2
9385,6,6,6,93,85,2
9386,5,5,5,93,86,2
9387,4,4,4,93,87,2
9388,0,0,0,93,88,2
9389,0,0,0,93,89,2
9390,0,0,0,93,90,2
9391,0,0,0,93,91,2
9392,0,0,0,93,92,2
9393,0,0,0,93,93,2
9394,0,0,0,93,94,2
9395,0,0,0,93,95,2
9396,0,0,0,93,96,2
9397,0,0,0,93,97,2
9398,0,0,0,93,98,2
9399,0,0,0,93,99,2
9400,0,0,0,94,0,2
9401,0,0,0,94,1,2
9402,0,0,0,94,2,2
9403,0,0,0,94,3,2
9404,0,0,0,94,4,2
9405,0,0,0,94,5,2
9406,0,0,0,94,6,2
9407,0,0,0,94,7,2
9408,0,0,0,94,8,2
9409,0,0,0,94,9,2
9410,0,0,0,94,10,2
9411,0,0,0,94,11,2
9412,2,2,2,94,12,2
9413,6,6,6,94,13,2
9414,5,5,5,94,14,2
9415,5,5,5,94,15,2
9416,6,6,6,94,16,2
9417,5,5,5,94,17,2
9418,5,5,5,94,18,2
9419,5,5,5,94,19,2
9420,5,5,5,94,20,2
9421,5,5,5,94,21,2
9422,5,5,5,94,22,2
9423,5,5,5,94,23,2
9424,5,5,5,94,24,2
9425,5,5,5,94,25,2
9426,5,5,5,94,26,2
9427,5,5,5,94,27,2
9428,5,5,5,94,28,2
9429,5,5,5,94,29,2
9430,5,5,5,94,30,2
9431,6,6,6,94,31,2
9432,4,4,4,94,32,2
9433,5,5,5,94,33,2
9434,5,5,5,94,34,2
9435,5,5,5,94,35,2
9436,5,5,5,94,36,2
9437,5,5,5,94,37,2
9438,5,5,5,94,38,2
9439,5,5,5,94,39,2
9440,5,5,5,94,40,2
9441,5,5,5,94,41,2
9442,5,5,5,94,42,2
9443,5,5,5,94,43,2
9444,5,5,5,94,44,2
9445,5,5,5,94,45,2
9446,5,5,5,94,46,2
9447,5,5,5,94,47,2
9448,6,6,6,94,48,2
9449,6,6,6,94,49,2
9450,5,5,5,94,50,2
9451,5,5,5,94,51,2
9452,5,5,5,94,52,2
9453,5,5,5,94,53,2
9454,5,5,5,94,54,2
9455,5,5,5,94,55,2
9456,5,5,5,94,56,2
9457,5,5,5,94,57,2
9458,5,5,5,94,58,2
9459,5,5,5,94,59,2
9460,5,5,5,94,60,2
9461,5,5,5,94,61,2
9462,6,6,6,94,62,2
9463,5,5,5,94,63,2
9464,5,5,5,94,64,2
9465,5,5,5,94,65,2
9466,5,5,5,94,66,2
9467,5,5,5,94,67,2
9468,5,5,5,94,68,2
9469,5,5,5,94,69,2
9470,5,5,5,94,70,2
9471,5,5,5,94,71,2
9472,5,5,5,94,72,2
9473,6,6,6,94,73,2
9474,6,6,6,94,74,2
9475,5,5,5,94,75,2
9476,5,5,5,94,76,2
9477,5,5,5,94,77,2
9478,5,5,5,94,78,2
9479,5,5,5,94,79,2
9480,5,5,5,94,80,2
9481,4,4,4,94,81,2
9482,5,5,5,94,82,2
9483,5,5,5,94,83,2
9484,5,5,5,94,84,2
9485,5,5,5,94,85,2
9486,5,5,5,94,86,2
9487,4,4,4,94,87,2
9488,0,0,0,94,88,2
9489,0,0,0,94,89,2
9490,0,0,0,94,90,2
9491,0,0,0,94,91,2
9492,0,0,0,94,92,2
9493,0,0,0,94,93,2
9494,0,0,0,94,94,2
9495,0,0,0,94,95,2
9496,0,0,0,94,96,2
9497,0,0,0,94,97,2
9498,0,0,0,94,98,2
9499,0,0,0,94,99,2
9500,0,0,0,95,0,2
9501,0,0,0,95,1,2
9502,0,0,0,95,2,2
9503,0,0,0,95,3,2
9504,0,0,0,95,4,2
9505,0,0,0,95,5,2
9506,0,0,0,95,6,2
9507,0,0,0,95,7,2
9508,0,0,0,95,8,2
9509,0,0,0,95,9,2
9510,0,0,0,95,10,2
9511,0,0,0,95,11,2
9512,1,1,1,95,12,2
9513,6,6,6,95,13,2
9514,5,5,5,95,14,2
9515,5,5,5,95,15,2
9516,5,5,5,95,16,2
9517,5,5,5,95,17,2
9518,6,6,6,95,18,2
9519,5,5,5,95,19,2
9520,5,5,5,95,20,2
9521,5,5,5,95,21,2
9522,4,4,4,95,22,2
9523,4,4,4,95,23,2
9524,5,5,5,95,24,2
9525,5,5,5,95,25,2
9526,5,5,5,95,26,2
9527,5,5,5,95,27,2
9528,5,5,5,95,28,2
9529,5,5,5,95,29,2
9530,5,5,5,95,30,2
9531,5,5,5,95,31,2
9532,4,4,4,95,32,2
9533,5,5,5,95,33,2
9534,5,5,5,95,34,2
9535,5,5,5,95,35,2
9536,5,5,5,95,36,2
9537,5,5,5,95,37,2
9538,5,5,5,95,38,2
9539,6,6,6,95,39,2
9540,5,5,5,95,40,2
9541,5,5,5,95,41,2
9542,5,5,5,95,42,2
9543,5,5,5,95,43,2
9544,5,5,5,95,44,2
9545,5,5,5,95,45,2
9546,5,5,5,95,46,2
9547,5,5,5,95,47,2
9548,4,4,4,95,48,2
9549,6,6,6,95,49,2
9550,5,5,5,95,50,2
9551,4,4,4,95,51,2
9552,4,4,4,95,52,2
9553,5,5,5,95,53,2
9554,5,5,5,95,54,2
9555,6,6,6,95,55,2
9556,5,5,5,95,56,2
9557,5,5,5,95,57,2
9558,5,5,5,95,58,2
9559,6,6,6,95,59,2
9560,5,5,5,95,60,2
9561,5,5,5,95,61,2
9562,5,5,5,95,62,2
9563,5,5,5,95,63,2
9564,5,5,5,95,64,2
9565,5,5,5,95,65,2
9566,5,5,5,95,66,2
9567,5,5,5,95,67,2
9568,5,5,5,95,68,2
9569,5,5,5,95,69,2
9570,5,5,5,95,70,2
9571,5,5,5,95,71,2
9572,5,5,5,95,72,2
9573,5,5,5,95,73,2
9574,5,5,5,95,74,2
9575,4,4,4,95,75,2
9576,6,6,6,95,76,2
9577,5,5,5,95,77,2
9578,5,5,5,95,78,2
9579,5,5,5,95,79,2
9580,5,5,5,95,80,2
9581,5,5,5,95,81,2
9582,5,5,5,95,82,2
9583,6,6,6,95,83,2
9584,5,5,5,95,84,2
9585,6,6,6,95,85,2
9586,6,6,6,95,86,2
9587,4,4,4,95,87,2
9588,0,0,0,95,88,2
9589,0,0,0,95,89,2
9590,0,0,0,95,90,2
9591,0,0,0,95,91,2
9592,0,0,0,95,92,2
9593,0,0,0,95,93,2
9594,0,0,0,95,94,2
9595,0,0,0,95,95,2
9596,0,0,0,95,96,2
9597,0,0,0,95,97,2
9598,0,0,0,95,98,2
9599,0,0,0,95,99,2
9600,0,0,0,96,0,2
9601,0,0,0,96,1,2
9602,0,0,0,96,2,2
9603,0,0,0,96,3,2
9604,0,0,0,96,4,2
9605,0,0,0,96,5,2
9606,0,0,0,96,6,2
9607,0,0,0,96,7,2
9608,0,0,0,96,8,2
9609,0,0,0,96,9,2
9610,0,0,0,96,10,2
9611,0,0,0,96,11,2
9612,1,1,1,96,12,2
9613,4,4,4,96,13,2
9614,5,5,5,96,14,2
9615,5,5,5,96,15,2
9616,4,4,4,96,16,2
9617,6,6,6,96,17,2
9618,6,6,6,96,18,2
9619,5,5,5,96,19,2
9620,5,5,5,96,20,2
9621,5,5,5,96,21,2
9622,5,5,5,96,22,2
9623,5,5,5,96,23,2
9624,5,5,5,96,24,2
9625,5,5,5,96,25,2
9626,5,5,5,96,26,2
9627,5,5,5,96,27,2
9628,5,5,5,96,28,2
9629,5,5,5,96,29,2
9630,5,5,5,96,30,2
9631,6,6,6,96,31,2
9632,6,6,6,96,32,2
9633,5,5,5,96,33,2
9634,5,5,5,96,34,2
9635,5,5,5,96,35,2
9636,5,5,5,96,36,2
9637,5,5,5,96,37,2
9638,5,5,5,96,38,2
9639,4,4,4,96,39,2
9640,5,5,5,96,40,2
9641,5,5,5,96,41,2
9642,5,5,5,96,42,2
9643,5,5,5,96,43,2
9644,5,5,5,96,44,2
9645,5,5,5,96,45,2
9646,5,5,5,96,46,2
9647,5,5,5,96,47,2
9648,5,5,5,96,48,2
9649,6,6,6,96,49,2
9650,5,5,5,96,50,2
9651,5,5,5,96,51,2
9652,4,4,4,96,52,2
9653,5,5,5,96,53,2
9654,5,5,5,96,54,2
9655,4,4,4,96,55,2
9656,5,5,5,96,56,2
9657,5,5,5,96,57,2
9658,5,5,5,96,58,2
9659,6,6,6,96,59,2
9660,5,5,5,96,60,2
9661,5,5,5,96,61,2
9662,5,5,5,96,62,2
9663,5,5,5,96,63,2
9664,5,5,5,96,64,2
9665,5,5,5,96,65,2
9666,5,5,5,96,66,2
9667,5,5,5,96,67,2
9668,5,5,5,96,68,2
9669,4,4,4,96,69,2
9670,5,5,5,96,70,2
9671,5,5,5,96,71,2
9672,5,5,5,96,72,2
9673,5,5,5,96,73,2
9674,5,5,5,96,74,2
9675,5,5,5,96,75,2
9676,5,5,5,96,76,2
9677,5,5,5,96,77,2
9678,5,5,5,96,78,2
9679,5,5,5,96,79,2
9680,5,5,5,96,80,2
9681,5,5,5,96,81,2
9682,4,4,4,96,82,2
9683,4,4,4,96,83,2
9684,4,4,4,96,84,2
9685,4,4,4,96,85,2
9686,4,4,4,96,86,2
9687,3,3,3,96,87,2
9688,0,0,0,96,88,2
9689,0,0,0,96,89,2
9690,0,0,0,96,90,2
9691,0,0,0,96,91,2
9692,0,0,0,96,92,2
9693,0,0,0,96,93,2
9694,0,0,0,96,94,2
9695,0,0,0,96,95,2
9696,0,0,0,96,96,2
9697,0,0,0,96,97,2
9698,0,0,0,96,98,2
9699,0,0,0,96,99,2
9700,0,0,0,97,0,2
9701,0,0,0,97,1,2
9702,0,0,0,97,2,2
9703,0,0,0,97,3,2
9704,0,0,0,97,4,2
9705,0,0,0,97,5,2
9706,0,0,0,97,6,2
9707,0,0,0,97,7,2
9708,0,0,0,97,8,2
9709,0,0,0,97,9,2
9710,0,0,0,97,10,2
9711,0,0,0,97,11,2
9712,0,0,0,97,12,2
9713,2,2,2,97,13,2
9714,2,2,2,97,14,2
9715,2,2,2,97,15,2
9716,2,2,2,97,16,2
9717,3,3,3,97,17,2
9718,3,3,3,97,18,2
9719,3,3,3,97,19,2
9720,3,3,3,97,20,2
9721,3,3,3,97,21,2
9722,3,3,3,97,22,2
9723,3,3,3,97,23,2
9724,3,3,3,97,24,2
9725,4,4,4,97,25,2
9726,4,4,4,97,26,2
9727,4,4,4,97,27,2
9728,4,4,4,97,28,2
9729,4,4,4,97,29,2
9730,4,4,4,97,30,2
9731,4,4,4,97,31,2
9732,4,4,4,97,32,2
9733,4,4,4,97,33,2
9734,4,4,4,97,34,2
9735,4,4,4,97,35,2
9736,4,4,4,97,36,2
9737,3,3,3,97,37,2
9738,4,4,4,97,38,2
9739,4,4,4,97,39,2
9740,4,4,4,97,40,2
9741,4,4,4,97,41,2
9742,4,4,4,97,42,2
9743,4,4,4,97,43,2
9744,4,4,4,97,44,2
9745,4,4,4,97,45,2
9746,4,4,4,97,46,2
9747,4,4,4,97,47,2
9748,4,4,4,97,48,2
9749,4,4,4,97,49,2
9750,4,4,4,97,50,2
9751,4,4,4,97,51,2
9752,4,4,4,97,52,2
9753,4,4,4,97,53,2
9754,4,4,4,97,54,2
9755,3,3,3,97,55,2
9756,4,4,4,97,56,2
9757,4,4,4,97,57,2
9758,4,4,4,97,58,2
9759,4,4,4,97,59,2
9760,4,4,4,97,60,2
9761,4,4,4,97,61,2
9762,4,4,4,97,62,2
9763,4,4,4,97,63,2
9764,4,4,4,97,64,2
9765,4,4,4,97,65,2
9766,4,4,4,97,66,2
9767,4,4,4,97,67,2
9768,4,4,4,97,68,2
9769,4,4,4,97,69,2
9770,4,4,4,97,70,2
9771,4,4,4,97,71,2
9772,4,4,4,97,72,2
9773,3,3,3,97,73,2
9774,3,3,3,97,74,2
9775,3,3,3,97,75,2
9776,3,3,3,97,76,2
9777,3,3,3,97,77,2
9778,2,2,2,97,78,2
9779,2,2,2,97,79,2
9780,3,3,3,97,80,2
9781,3,3,3,97,81,2
9782,2,2,2,97,82,2
9783,2,2,2,97,83,2
9784,2,2,2,97,84,2
9785,2,2,2,97,85,2
9786,2,2,2,97,86,2
9787,0,0,0,97,87,2
9788,0,0,0,97,88,2
9789,0,0,0,97,89,2
9790,0,0,0,97,90,2
9791,0,0,0,97,91,2
9792,0,0,0,97,92,2
9793,0,0,0,97,93,2
9794,0,0,0,97,94,2
9795,0,0,0,97,95,2
9796,0,0,0,97,96,2
9797,0,0,0,97,97,2
9798,0,0,0,97,98,2
9799,0,0,0,97,99,2
9800,0,0,0,98,0,2
9801,0,0,0,98,1,2
9802,0,0,0,98,2,2
9803,0,0,0,98,3,2
9804,0,0,0,98,4,2
9805,0,0,0,98,5,2
9806,0,0,0,98,6,2
9807,0,0,0,98,7,2
9808,0,0,0,98,8,2
9809,0,0,0,98,9,2
9810,0,0,0,98,10,2
9811,0,0,0,98,11,2
9812,0,0,0,98,12,2
9813,0,0,0,98,13,2
9814,0,0,0,98,14,2
9815,0,0,0,98,15,2
9816,0,0,0,98,16,2
9817,0,0,0,98,17,2
9818,0,0,0,98,18,2
9819,0,0,0,98,19,2
9820,0,0,0,98,20,2
9821,0,0,0,98,21,2
9822,0,0,0,98,22,2
9823,0,0,0,98,23,2
9824,0,0,0,98,24,2
9825,0,0,0,98,25,2
9826,0,0,0,98,26,2
9827,0,0,0,98,27,2
9828,0,0,0,98,28,2
9829,0,0,0,98,29,2
9830,1,1,1,98,30,2
9831,0,0,0,98,31,2
9832,0,0,0,98,32,2
9833,0,0,0,98,33,2
9834,1,1,1,98,34,2
9835,1,1,1,98,35,2
9836,0,0,0,98,36,2
9837,1,1,1,98,37,2
9838,1,1,1,98,38,2
9839,1,1,1,98,39,2
9840,1,1,1,98,40,2
9841,1,1,1,98,41,2
9842,1,1,1,98,42,2
9843,1,1,1,98,43,2
9844,1,1,1,98,44,2
9845,1,1,1,98,45,2
9846,1,1,1,98,46,2
9847,1,1,1,98,47,2
9848,1,1,1,98,48,2
9849,2,2,2,98,49,2
9850,2,2,2,98,50,2
9851,2,2,2,98,51,2
9852,2,2,2,98,52,2
9853,1,1,1,98,53,2
9854,1,1,1,98,54,2
9855,2,2,2,98,55,2
9856,1,1,1,98,56,2
9857,1,1,1,98,57,2
9858,0,0,0,98,58,2
9859,0,0,0,98,59,2
9860,1,1,1,98,60,2
9861,0,0,0,98,61,2
9862,1,1,1,98,62,2
9863,1,1,1,98,63,2
9864,0,0,0,98,64,2
9865,0,0,0,98,65,2
9866,1,1,1,98,66,2
9867,0,0,0,98,67,2
9868,0,0,0,98,68,2
9869,0,0,0,98,69,2
9870,0,0,0,98,70,2
9871,0,0,0,98,71,2
9872,0,0,0,98,72,2
9873,0,0,0,98,73,2
9874,0,0,0,98,74,2
9875,1,1,1,98,75,2
9876,0,0,0,98,76,2
9877,0,0,0,98,77,2
9878,0,0,0,98,78,2
9879,0,0,0,98,79,2
9880,0,0,0,98,80,2
9881,0,0,0,98,81,2
9882,0,0,0,98,82,2
9883,0,0,0,98,83,2
9884,0,0,0,98,84,2
9885,0,0,0,98,85,2
9886,0,0,0,98,86,2
9887,0,0,0,98,87,2
9888,0,0,0,98,88,2
9889,0,0,0,98,89,2
9890,0,0,0,98,90,2
9891,0,0,0,98,91,2
9892,0,0,0,98,92,2
9893,0,0,0,98,93,2
9894,0,0,0,98,94,2
9895,0,0,0,98,95,2
9896,0,0,0,98,96,2
9897,0,0,0,98,97,2
9898,0,0,0,98,98,2
9899,0,0,0,98,99,2
9900,0,0,0,99,0,2
9901,0,0,0,99,1,2
9902,0,0,0,99,2,2
9903,0,0,0,99,3,2
9904,0,0,0,99,4,2
9905,0,0,0,99,5,2
9906,0,0,0,99,6,2
9907,0,0,0,99,7,2
9908,0,0,0,99,8,2
9909,0,0,0,99,9,2
9910,0,0,0,99,10,2
9911,0,0,0,99,11,2
9912,0,0,0,99,12,2
9913,0,0,0,99,13,2
9914,0,0,0,99,14,2
9915,0,0,0,99,15,2
9916,0,0,0,99,16,2
9917,0,0,0,99,17,2
9918,0,0,0,99,18,2
9919,0,0,0,99,19,2
9920,0,0,0,99,20,2
9921,0,0,0,99,21,2
9922,0,0,0,99,22,2
9923,0,0,0,99,23,2
9924,0,0,0,99,24,2
9925,0,0,0,99,25,2
9926,0,0,0,99,26,2
9927,0,0,0,99,27,2
9928,0,0,0,99,28,2
9929,0,0,0,99,29,2
9930,0,0,0,99,30,2
9931,0,0,0,99,31,2
9932,0,0,0,99,32,2
9933,0,0,0,99,33,2
9934,0,0,0,99,34,2
9935,0,0,0,99,35,2
9936,0,0,0,99,36,2
9937,0,0,0,99,37,2
9938,0,0,0,99,38,2
9939,0,0,0,99,39,2
9940,0,0,0,99,40,2
9941,0,0,0,99,41,2
9942,0,0,0,99,42,2
9943,0,0,0,99,43,2
9944,0,0,0,99,44,2
9945,0,0,0,99,45,2
9946,0,0,0,99,46,2
9947,0,0,0,99,47,2
9948,0,0,0,99,48,2
9949,0,0,0,99,49,2
9950,0,0,0,99,50,2
9951,0,0,0,99,51,2
9952,0,0,0,99,52,2
9953,0,0,0,99,53,2
9954,0,0,0,99,54,2
9955,0,0,0,99,55,2
9956,0,0,0,99,56,2
9957,0,0,0,99,57,2
9958,0,0,0,99,58,2
9959,0,0,0,99,59,2
9960,0,0,0,99,60,2
9961,0,0,0,99,61,2
9962,0,0,0,99,62,2
9963,0,0,0,99,63,2
9964,0,0,0,99,64,2
9965,0,0,0,99,65,2
9966,0,0,0,99,66,2
9967,0,0,0,99,67,2
9968,0,0,0,99,68,2
9969,0,0,0,99,69,2
9970,0,0,0,99,70,2
9971,0,0,0,99,71,2
9972,0,0,0,99,72,2
9973,0,0,0,99,73,2
9974,0,0,0,99,74,2
9975,0,0,0,99,75,2
9976,0,0,0,99,76,2
9977,0,0,0,99,77,2
9978,0,0,0,99,78,2
9979,0,0,0,99,79,2
9980,0,0,0,99,80,2
9981,0,0,0,99,81,2
9982,0,0,0,99,82,2
9983,0,0,0,99,83,2
9984,0,0,0,99,84,2
9985,0,0,0,99,85,2
9986,0,0,0,99,86,2
9987,0,0,0,99,87,2
9988,0,0,0,99,88,2
9989,0,0,0,99,89,2
9990,0,0,0,99,90,2
9991,0,0,0,99,91,2
9992,0,0,0,99,92,2
9993,0,0,0,99,93,2
9994,0,0,0,99,94,2
9995,0,0,0,99,95,2
9996,0,0,0,99,96,2
9997,0,0,0,99,97,2
9998,0,0,0,99,98,2
9999,0,0,0,99,99,2
